Game_ID, Result, num_turns, num_avg_black_nodes, std_black_nodes, num_avg_white_nodes, std_white_nodes
0, -1, 396, 0.00, 0.00, 0.00, 0.00
1, -1, 912, 0.00, 0.00, 0.00, 0.00
2, 1, 337, 0.00, 0.00, 0.00, 0.00
3, 2, 1000, 0.00, 0.00, 0.00, 0.00
4, 1, 113, 0.00, 0.00, 0.00, 0.00
5, -1, 548, 0.00, 0.00, 0.00, 0.00
6, -1, 616, 0.00, 0.00, 0.00, 0.00
7, -1, 590, 0.00, 0.00, 0.00, 0.00
8, -1, 764, 0.00, 0.00, 0.00, 0.00
9, 1, 155, 0.00, 0.00, 0.00, 0.00
10, -1, 498, 0.00, 0.00, 0.00, 0.00
11, -1, 876, 0.00, 0.00, 0.00, 0.00
12, -1, 268, 0.00, 0.00, 0.00, 0.00
13, -1, 384, 0.00, 0.00, 0.00, 0.00
14, -1, 478, 0.00, 0.00, 0.00, 0.00
15, -1, 466, 0.00, 0.00, 0.00, 0.00
16, -1, 562, 0.00, 0.00, 0.00, 0.00
17, -1, 230, 0.00, 0.00, 0.00, 0.00
18, -1, 374, 0.00, 0.00, 0.00, 0.00
19, -1, 258, 0.00, 0.00, 0.00, 0.00
20, -1, 404, 0.00, 0.00, 0.00, 0.00
21, -1, 820, 0.00, 0.00, 0.00, 0.00
22, 2, 1000, 0.00, 0.00, 0.00, 0.00
23, -1, 336, 0.00, 0.00, 0.00, 0.00
24, -1, 550, 0.00, 0.00, 0.00, 0.00
25, -1, 770, 0.00, 0.00, 0.00, 0.00
26, 2, 1000, 0.00, 0.00, 0.00, 0.00
27, -1, 832, 0.00, 0.00, 0.00, 0.00
28, -1, 908, 0.00, 0.00, 0.00, 0.00
29, -1, 258, 0.00, 0.00, 0.00, 0.00
30, -1, 716, 0.00, 0.00, 0.00, 0.00
31, -1, 390, 0.00, 0.00, 0.00, 0.00
32, -1, 806, 0.00, 0.00, 0.00, 0.00
33, -1, 216, 0.00, 0.00, 0.00, 0.00
34, -1, 592, 0.00, 0.00, 0.00, 0.00
35, -1, 878, 0.00, 0.00, 0.00, 0.00
36, -1, 370, 0.00, 0.00, 0.00, 0.00
37, -1, 370, 0.00, 0.00, 0.00, 0.00
38, 2, 1000, 0.00, 0.00, 0.00, 0.00
39, -1, 752, 0.00, 0.00, 0.00, 0.00
40, -1, 270, 0.00, 0.00, 0.00, 0.00
41, -1, 522, 0.00, 0.00, 0.00, 0.00
42, 2, 1000, 0.00, 0.00, 0.00, 0.00
43, -1, 196, 0.00, 0.00, 0.00, 0.00
44, -1, 892, 0.00, 0.00, 0.00, 0.00
45, -1, 974, 0.00, 0.00, 0.00, 0.00
46, -1, 486, 0.00, 0.00, 0.00, 0.00
47, -1, 310, 0.00, 0.00, 0.00, 0.00
48, -1, 290, 0.00, 0.00, 0.00, 0.00
49, -1, 752, 0.00, 0.00, 0.00, 0.00
50, -1, 680, 0.00, 0.00, 0.00, 0.00
51, 2, 1000, 0.00, 0.00, 0.00, 0.00
52, -1, 838, 0.00, 0.00, 0.00, 0.00
53, -1, 992, 0.00, 0.00, 0.00, 0.00
54, -1, 762, 0.00, 0.00, 0.00, 0.00
55, -1, 138, 0.00, 0.00, 0.00, 0.00
56, -1, 534, 0.00, 0.00, 0.00, 0.00
57, -1, 202, 0.00, 0.00, 0.00, 0.00
58, -1, 762, 0.00, 0.00, 0.00, 0.00
59, -1, 972, 0.00, 0.00, 0.00, 0.00
60, -1, 602, 0.00, 0.00, 0.00, 0.00
61, -1, 410, 0.00, 0.00, 0.00, 0.00
62, -1, 872, 0.00, 0.00, 0.00, 0.00
63, -1, 880, 0.00, 0.00, 0.00, 0.00
64, -1, 388, 0.00, 0.00, 0.00, 0.00
65, -1, 706, 0.00, 0.00, 0.00, 0.00
66, -1, 700, 0.00, 0.00, 0.00, 0.00
67, 2, 1000, 0.00, 0.00, 0.00, 0.00
68, -1, 616, 0.00, 0.00, 0.00, 0.00
69, 2, 1000, 0.00, 0.00, 0.00, 0.00
70, -1, 552, 0.00, 0.00, 0.00, 0.00
71, -1, 520, 0.00, 0.00, 0.00, 0.00
72, -1, 384, 0.00, 0.00, 0.00, 0.00
73, -1, 524, 0.00, 0.00, 0.00, 0.00
74, 2, 1000, 0.00, 0.00, 0.00, 0.00
75, -1, 376, 0.00, 0.00, 0.00, 0.00
76, -1, 812, 0.00, 0.00, 0.00, 0.00
77, -1, 136, 0.00, 0.00, 0.00, 0.00
78, -1, 810, 0.00, 0.00, 0.00, 0.00
79, 2, 1000, 0.00, 0.00, 0.00, 0.00
80, -1, 782, 0.00, 0.00, 0.00, 0.00
81, -1, 410, 0.00, 0.00, 0.00, 0.00
82, -1, 180, 0.00, 0.00, 0.00, 0.00
83, -1, 216, 0.00, 0.00, 0.00, 0.00
84, -1, 420, 0.00, 0.00, 0.00, 0.00
85, -1, 856, 0.00, 0.00, 0.00, 0.00
86, -1, 384, 0.00, 0.00, 0.00, 0.00
87, -1, 186, 0.00, 0.00, 0.00, 0.00
88, -1, 288, 0.00, 0.00, 0.00, 0.00
89, -1, 934, 0.00, 0.00, 0.00, 0.00
90, -1, 266, 0.00, 0.00, 0.00, 0.00
91, -1, 444, 0.00, 0.00, 0.00, 0.00
92, -1, 948, 0.00, 0.00, 0.00, 0.00
93, 2, 1000, 0.00, 0.00, 0.00, 0.00
94, -1, 106, 0.00, 0.00, 0.00, 0.00
95, -1, 712, 0.00, 0.00, 0.00, 0.00
96, -1, 460, 0.00, 0.00, 0.00, 0.00
97, -1, 914, 0.00, 0.00, 0.00, 0.00
98, 1, 229, 0.00, 0.00, 0.00, 0.00
99, -1, 366, 0.00, 0.00, 0.00, 0.00
100, -1, 704, 0.00, 0.00, 0.00, 0.00
101, -1, 632, 0.00, 0.00, 0.00, 0.00
102, -1, 702, 0.00, 0.00, 0.00, 0.00
103, -1, 550, 0.00, 0.00, 0.00, 0.00
104, -1, 842, 0.00, 0.00, 0.00, 0.00
105, -1, 370, 0.00, 0.00, 0.00, 0.00
106, -1, 430, 0.00, 0.00, 0.00, 0.00
107, -1, 556, 0.00, 0.00, 0.00, 0.00
108, -1, 246, 0.00, 0.00, 0.00, 0.00
109, -1, 302, 0.00, 0.00, 0.00, 0.00
110, -1, 570, 0.00, 0.00, 0.00, 0.00
111, -1, 470, 0.00, 0.00, 0.00, 0.00
112, -1, 454, 0.00, 0.00, 0.00, 0.00
113, 2, 1000, 0.00, 0.00, 0.00, 0.00
114, -1, 636, 0.00, 0.00, 0.00, 0.00
115, -1, 416, 0.00, 0.00, 0.00, 0.00
116, -1, 694, 0.00, 0.00, 0.00, 0.00
117, -1, 270, 0.00, 0.00, 0.00, 0.00
118, -1, 636, 0.00, 0.00, 0.00, 0.00
119, 2, 1000, 0.00, 0.00, 0.00, 0.00
120, -1, 210, 0.00, 0.00, 0.00, 0.00
121, -1, 820, 0.00, 0.00, 0.00, 0.00
122, -1, 888, 0.00, 0.00, 0.00, 0.00
123, -1, 890, 0.00, 0.00, 0.00, 0.00
124, -1, 522, 0.00, 0.00, 0.00, 0.00
125, -1, 222, 0.00, 0.00, 0.00, 0.00
126, -1, 438, 0.00, 0.00, 0.00, 0.00
127, -1, 172, 0.00, 0.00, 0.00, 0.00
128, -1, 576, 0.00, 0.00, 0.00, 0.00
129, -1, 144, 0.00, 0.00, 0.00, 0.00
130, 1, 349, 0.00, 0.00, 0.00, 0.00
131, -1, 316, 0.00, 0.00, 0.00, 0.00
132, -1, 636, 0.00, 0.00, 0.00, 0.00
133, -1, 308, 0.00, 0.00, 0.00, 0.00
134, -1, 262, 0.00, 0.00, 0.00, 0.00
135, 2, 1000, 0.00, 0.00, 0.00, 0.00
136, -1, 538, 0.00, 0.00, 0.00, 0.00
137, -1, 720, 0.00, 0.00, 0.00, 0.00
138, -1, 816, 0.00, 0.00, 0.00, 0.00
139, -1, 584, 0.00, 0.00, 0.00, 0.00
140, -1, 330, 0.00, 0.00, 0.00, 0.00
141, -1, 852, 0.00, 0.00, 0.00, 0.00
142, -1, 754, 0.00, 0.00, 0.00, 0.00
143, 2, 1000, 0.00, 0.00, 0.00, 0.00
144, -1, 508, 0.00, 0.00, 0.00, 0.00
145, -1, 620, 0.00, 0.00, 0.00, 0.00
146, -1, 766, 0.00, 0.00, 0.00, 0.00
147, -1, 676, 0.00, 0.00, 0.00, 0.00
148, -1, 484, 0.00, 0.00, 0.00, 0.00
149, -1, 884, 0.00, 0.00, 0.00, 0.00
150, -1, 562, 0.00, 0.00, 0.00, 0.00
151, -1, 562, 0.00, 0.00, 0.00, 0.00
152, -1, 128, 0.00, 0.00, 0.00, 0.00
153, -1, 586, 0.00, 0.00, 0.00, 0.00
154, -1, 440, 0.00, 0.00, 0.00, 0.00
155, -1, 808, 0.00, 0.00, 0.00, 0.00
156, -1, 348, 0.00, 0.00, 0.00, 0.00
157, 1, 549, 0.00, 0.00, 0.00, 0.00
158, -1, 308, 0.00, 0.00, 0.00, 0.00
159, -1, 912, 0.00, 0.00, 0.00, 0.00
160, -1, 190, 0.00, 0.00, 0.00, 0.00
161, -1, 958, 0.00, 0.00, 0.00, 0.00
162, -1, 648, 0.00, 0.00, 0.00, 0.00
163, -1, 542, 0.00, 0.00, 0.00, 0.00
164, -1, 602, 0.00, 0.00, 0.00, 0.00
165, -1, 286, 0.00, 0.00, 0.00, 0.00
166, -1, 848, 0.00, 0.00, 0.00, 0.00
167, 2, 1000, 0.00, 0.00, 0.00, 0.00
168, -1, 384, 0.00, 0.00, 0.00, 0.00
169, -1, 400, 0.00, 0.00, 0.00, 0.00
170, 2, 1000, 0.00, 0.00, 0.00, 0.00
171, -1, 420, 0.00, 0.00, 0.00, 0.00
172, -1, 272, 0.00, 0.00, 0.00, 0.00
173, -1, 378, 0.00, 0.00, 0.00, 0.00
174, -1, 538, 0.00, 0.00, 0.00, 0.00
175, -1, 502, 0.00, 0.00, 0.00, 0.00
176, -1, 550, 0.00, 0.00, 0.00, 0.00
177, -1, 986, 0.00, 0.00, 0.00, 0.00
178, -1, 952, 0.00, 0.00, 0.00, 0.00
179, 2, 1000, 0.00, 0.00, 0.00, 0.00
180, -1, 558, 0.00, 0.00, 0.00, 0.00
181, 2, 1000, 0.00, 0.00, 0.00, 0.00
182, -1, 240, 0.00, 0.00, 0.00, 0.00
183, 2, 1000, 0.00, 0.00, 0.00, 0.00
184, -1, 480, 0.00, 0.00, 0.00, 0.00
185, -1, 312, 0.00, 0.00, 0.00, 0.00
186, -1, 316, 0.00, 0.00, 0.00, 0.00
187, -1, 600, 0.00, 0.00, 0.00, 0.00
188, -1, 674, 0.00, 0.00, 0.00, 0.00
189, -1, 322, 0.00, 0.00, 0.00, 0.00
190, -1, 590, 0.00, 0.00, 0.00, 0.00
191, -1, 134, 0.00, 0.00, 0.00, 0.00
192, -1, 728, 0.00, 0.00, 0.00, 0.00
193, -1, 458, 0.00, 0.00, 0.00, 0.00
194, -1, 160, 0.00, 0.00, 0.00, 0.00
195, -1, 588, 0.00, 0.00, 0.00, 0.00
196, -1, 466, 0.00, 0.00, 0.00, 0.00
197, -1, 438, 0.00, 0.00, 0.00, 0.00
198, 2, 1000, 0.00, 0.00, 0.00, 0.00
199, 2, 1000, 0.00, 0.00, 0.00, 0.00
200, -1, 692, 0.00, 0.00, 0.00, 0.00
201, -1, 258, 0.00, 0.00, 0.00, 0.00
202, -1, 316, 0.00, 0.00, 0.00, 0.00
203, -1, 936, 0.00, 0.00, 0.00, 0.00
204, -1, 714, 0.00, 0.00, 0.00, 0.00
205, 2, 1000, 0.00, 0.00, 0.00, 0.00
206, 2, 1000, 0.00, 0.00, 0.00, 0.00
207, -1, 316, 0.00, 0.00, 0.00, 0.00
208, -1, 774, 0.00, 0.00, 0.00, 0.00
209, 1, 61, 0.00, 0.00, 0.00, 0.00
210, 1, 61, 0.00, 0.00, 0.00, 0.00
211, -1, 218, 0.00, 0.00, 0.00, 0.00
212, -1, 432, 0.00, 0.00, 0.00, 0.00
213, -1, 632, 0.00, 0.00, 0.00, 0.00
214, -1, 368, 0.00, 0.00, 0.00, 0.00
215, -1, 834, 0.00, 0.00, 0.00, 0.00
216, 2, 1000, 0.00, 0.00, 0.00, 0.00
217, -1, 946, 0.00, 0.00, 0.00, 0.00
218, -1, 258, 0.00, 0.00, 0.00, 0.00
219, -1, 502, 0.00, 0.00, 0.00, 0.00
220, -1, 622, 0.00, 0.00, 0.00, 0.00
221, -1, 328, 0.00, 0.00, 0.00, 0.00
222, -1, 332, 0.00, 0.00, 0.00, 0.00
223, 2, 1000, 0.00, 0.00, 0.00, 0.00
224, 2, 1000, 0.00, 0.00, 0.00, 0.00
225, -1, 162, 0.00, 0.00, 0.00, 0.00
226, -1, 486, 0.00, 0.00, 0.00, 0.00
227, -1, 726, 0.00, 0.00, 0.00, 0.00
228, -1, 158, 0.00, 0.00, 0.00, 0.00
229, -1, 560, 0.00, 0.00, 0.00, 0.00
230, 2, 1000, 0.00, 0.00, 0.00, 0.00
231, -1, 298, 0.00, 0.00, 0.00, 0.00
232, -1, 382, 0.00, 0.00, 0.00, 0.00
233, -1, 332, 0.00, 0.00, 0.00, 0.00
234, 1, 175, 0.00, 0.00, 0.00, 0.00
235, -1, 582, 0.00, 0.00, 0.00, 0.00
236, -1, 896, 0.00, 0.00, 0.00, 0.00
237, -1, 184, 0.00, 0.00, 0.00, 0.00
238, -1, 800, 0.00, 0.00, 0.00, 0.00
239, -1, 390, 0.00, 0.00, 0.00, 0.00
240, -1, 574, 0.00, 0.00, 0.00, 0.00
241, -1, 460, 0.00, 0.00, 0.00, 0.00
242, -1, 298, 0.00, 0.00, 0.00, 0.00
243, -1, 290, 0.00, 0.00, 0.00, 0.00
244, -1, 400, 0.00, 0.00, 0.00, 0.00
245, -1, 430, 0.00, 0.00, 0.00, 0.00
246, -1, 476, 0.00, 0.00, 0.00, 0.00
247, -1, 774, 0.00, 0.00, 0.00, 0.00
248, -1, 966, 0.00, 0.00, 0.00, 0.00
249, -1, 288, 0.00, 0.00, 0.00, 0.00
250, 2, 1000, 0.00, 0.00, 0.00, 0.00
251, -1, 996, 0.00, 0.00, 0.00, 0.00
252, -1, 790, 0.00, 0.00, 0.00, 0.00
253, -1, 580, 0.00, 0.00, 0.00, 0.00
254, -1, 232, 0.00, 0.00, 0.00, 0.00
255, -1, 764, 0.00, 0.00, 0.00, 0.00
256, -1, 272, 0.00, 0.00, 0.00, 0.00
257, -1, 834, 0.00, 0.00, 0.00, 0.00
258, -1, 642, 0.00, 0.00, 0.00, 0.00
259, -1, 828, 0.00, 0.00, 0.00, 0.00
260, -1, 572, 0.00, 0.00, 0.00, 0.00
261, -1, 166, 0.00, 0.00, 0.00, 0.00
262, -1, 170, 0.00, 0.00, 0.00, 0.00
263, -1, 148, 0.00, 0.00, 0.00, 0.00
264, -1, 132, 0.00, 0.00, 0.00, 0.00
265, -1, 424, 0.00, 0.00, 0.00, 0.00
266, 2, 1000, 0.00, 0.00, 0.00, 0.00
267, -1, 790, 0.00, 0.00, 0.00, 0.00
268, -1, 436, 0.00, 0.00, 0.00, 0.00
269, -1, 224, 0.00, 0.00, 0.00, 0.00
270, -1, 428, 0.00, 0.00, 0.00, 0.00
271, 2, 1000, 0.00, 0.00, 0.00, 0.00
272, -1, 262, 0.00, 0.00, 0.00, 0.00
273, -1, 788, 0.00, 0.00, 0.00, 0.00
274, 2, 1000, 0.00, 0.00, 0.00, 0.00
275, -1, 912, 0.00, 0.00, 0.00, 0.00
276, -1, 758, 0.00, 0.00, 0.00, 0.00
277, 2, 1000, 0.00, 0.00, 0.00, 0.00
278, 2, 1000, 0.00, 0.00, 0.00, 0.00
279, -1, 258, 0.00, 0.00, 0.00, 0.00
280, -1, 760, 0.00, 0.00, 0.00, 0.00
281, -1, 596, 0.00, 0.00, 0.00, 0.00
282, -1, 194, 0.00, 0.00, 0.00, 0.00
283, -1, 328, 0.00, 0.00, 0.00, 0.00
284, -1, 156, 0.00, 0.00, 0.00, 0.00
285, 2, 1000, 0.00, 0.00, 0.00, 0.00
286, -1, 364, 0.00, 0.00, 0.00, 0.00
287, -1, 552, 0.00, 0.00, 0.00, 0.00
288, -1, 204, 0.00, 0.00, 0.00, 0.00
289, -1, 600, 0.00, 0.00, 0.00, 0.00
290, -1, 570, 0.00, 0.00, 0.00, 0.00
291, -1, 336, 0.00, 0.00, 0.00, 0.00
292, -1, 142, 0.00, 0.00, 0.00, 0.00
293, -1, 328, 0.00, 0.00, 0.00, 0.00
294, 2, 1000, 0.00, 0.00, 0.00, 0.00
295, -1, 460, 0.00, 0.00, 0.00, 0.00
296, -1, 792, 0.00, 0.00, 0.00, 0.00
297, -1, 778, 0.00, 0.00, 0.00, 0.00
298, -1, 590, 0.00, 0.00, 0.00, 0.00
299, -1, 320, 0.00, 0.00, 0.00, 0.00
300, -1, 390, 0.00, 0.00, 0.00, 0.00
301, -1, 828, 0.00, 0.00, 0.00, 0.00
302, -1, 342, 0.00, 0.00, 0.00, 0.00
303, -1, 448, 0.00, 0.00, 0.00, 0.00
304, -1, 412, 0.00, 0.00, 0.00, 0.00
305, -1, 170, 0.00, 0.00, 0.00, 0.00
306, -1, 230, 0.00, 0.00, 0.00, 0.00
307, -1, 514, 0.00, 0.00, 0.00, 0.00
308, -1, 354, 0.00, 0.00, 0.00, 0.00
309, -1, 656, 0.00, 0.00, 0.00, 0.00
310, -1, 358, 0.00, 0.00, 0.00, 0.00
311, 2, 1000, 0.00, 0.00, 0.00, 0.00
312, -1, 206, 0.00, 0.00, 0.00, 0.00
313, -1, 690, 0.00, 0.00, 0.00, 0.00
314, -1, 852, 0.00, 0.00, 0.00, 0.00
315, -1, 780, 0.00, 0.00, 0.00, 0.00
316, -1, 370, 0.00, 0.00, 0.00, 0.00
317, 2, 1000, 0.00, 0.00, 0.00, 0.00
318, -1, 412, 0.00, 0.00, 0.00, 0.00
319, -1, 398, 0.00, 0.00, 0.00, 0.00
320, -1, 138, 0.00, 0.00, 0.00, 0.00
321, -1, 972, 0.00, 0.00, 0.00, 0.00
322, -1, 234, 0.00, 0.00, 0.00, 0.00
323, -1, 244, 0.00, 0.00, 0.00, 0.00
324, -1, 372, 0.00, 0.00, 0.00, 0.00
325, -1, 156, 0.00, 0.00, 0.00, 0.00
326, 2, 1000, 0.00, 0.00, 0.00, 0.00
327, -1, 172, 0.00, 0.00, 0.00, 0.00
328, -1, 442, 0.00, 0.00, 0.00, 0.00
329, -1, 970, 0.00, 0.00, 0.00, 0.00
330, -1, 346, 0.00, 0.00, 0.00, 0.00
331, 1, 207, 0.00, 0.00, 0.00, 0.00
332, -1, 262, 0.00, 0.00, 0.00, 0.00
333, 2, 1000, 0.00, 0.00, 0.00, 0.00
334, -1, 738, 0.00, 0.00, 0.00, 0.00
335, -1, 284, 0.00, 0.00, 0.00, 0.00
336, -1, 738, 0.00, 0.00, 0.00, 0.00
337, -1, 608, 0.00, 0.00, 0.00, 0.00
338, -1, 446, 0.00, 0.00, 0.00, 0.00
339, -1, 184, 0.00, 0.00, 0.00, 0.00
340, -1, 476, 0.00, 0.00, 0.00, 0.00
341, -1, 676, 0.00, 0.00, 0.00, 0.00
342, -1, 938, 0.00, 0.00, 0.00, 0.00
343, -1, 288, 0.00, 0.00, 0.00, 0.00
344, -1, 518, 0.00, 0.00, 0.00, 0.00
345, -1, 790, 0.00, 0.00, 0.00, 0.00
346, -1, 606, 0.00, 0.00, 0.00, 0.00
347, -1, 238, 0.00, 0.00, 0.00, 0.00
348, -1, 406, 0.00, 0.00, 0.00, 0.00
349, -1, 548, 0.00, 0.00, 0.00, 0.00
350, -1, 216, 0.00, 0.00, 0.00, 0.00
351, -1, 242, 0.00, 0.00, 0.00, 0.00
352, -1, 110, 0.00, 0.00, 0.00, 0.00
353, -1, 392, 0.00, 0.00, 0.00, 0.00
354, 2, 1000, 0.00, 0.00, 0.00, 0.00
355, -1, 784, 0.00, 0.00, 0.00, 0.00
356, -1, 188, 0.00, 0.00, 0.00, 0.00
357, -1, 284, 0.00, 0.00, 0.00, 0.00
358, -1, 284, 0.00, 0.00, 0.00, 0.00
359, 2, 1000, 0.00, 0.00, 0.00, 0.00
360, -1, 372, 0.00, 0.00, 0.00, 0.00
361, 2, 1000, 0.00, 0.00, 0.00, 0.00
362, -1, 494, 0.00, 0.00, 0.00, 0.00
363, -1, 484, 0.00, 0.00, 0.00, 0.00
364, -1, 592, 0.00, 0.00, 0.00, 0.00
365, -1, 210, 0.00, 0.00, 0.00, 0.00
366, -1, 566, 0.00, 0.00, 0.00, 0.00
367, -1, 466, 0.00, 0.00, 0.00, 0.00
368, -1, 288, 0.00, 0.00, 0.00, 0.00
369, -1, 322, 0.00, 0.00, 0.00, 0.00
370, -1, 396, 0.00, 0.00, 0.00, 0.00
371, -1, 936, 0.00, 0.00, 0.00, 0.00
372, -1, 512, 0.00, 0.00, 0.00, 0.00
373, -1, 932, 0.00, 0.00, 0.00, 0.00
374, -1, 342, 0.00, 0.00, 0.00, 0.00
375, 1, 435, 0.00, 0.00, 0.00, 0.00
376, -1, 646, 0.00, 0.00, 0.00, 0.00
377, -1, 652, 0.00, 0.00, 0.00, 0.00
378, -1, 886, 0.00, 0.00, 0.00, 0.00
379, -1, 382, 0.00, 0.00, 0.00, 0.00
380, -1, 340, 0.00, 0.00, 0.00, 0.00
381, -1, 738, 0.00, 0.00, 0.00, 0.00
382, -1, 524, 0.00, 0.00, 0.00, 0.00
383, -1, 824, 0.00, 0.00, 0.00, 0.00
384, 2, 1000, 0.00, 0.00, 0.00, 0.00
385, -1, 676, 0.00, 0.00, 0.00, 0.00
386, -1, 486, 0.00, 0.00, 0.00, 0.00
387, -1, 280, 0.00, 0.00, 0.00, 0.00
388, -1, 724, 0.00, 0.00, 0.00, 0.00
389, -1, 626, 0.00, 0.00, 0.00, 0.00
390, -1, 634, 0.00, 0.00, 0.00, 0.00
391, -1, 552, 0.00, 0.00, 0.00, 0.00
392, -1, 358, 0.00, 0.00, 0.00, 0.00
393, -1, 324, 0.00, 0.00, 0.00, 0.00
394, -1, 766, 0.00, 0.00, 0.00, 0.00
395, -1, 800, 0.00, 0.00, 0.00, 0.00
396, -1, 520, 0.00, 0.00, 0.00, 0.00
397, -1, 750, 0.00, 0.00, 0.00, 0.00
398, -1, 836, 0.00, 0.00, 0.00, 0.00
399, -1, 380, 0.00, 0.00, 0.00, 0.00
400, -1, 290, 0.00, 0.00, 0.00, 0.00
401, -1, 668, 0.00, 0.00, 0.00, 0.00
402, 2, 1000, 0.00, 0.00, 0.00, 0.00
403, -1, 274, 0.00, 0.00, 0.00, 0.00
404, -1, 270, 0.00, 0.00, 0.00, 0.00
405, -1, 182, 0.00, 0.00, 0.00, 0.00
406, -1, 394, 0.00, 0.00, 0.00, 0.00
407, -1, 202, 0.00, 0.00, 0.00, 0.00
408, -1, 170, 0.00, 0.00, 0.00, 0.00
409, -1, 454, 0.00, 0.00, 0.00, 0.00
410, 2, 1000, 0.00, 0.00, 0.00, 0.00
411, -1, 752, 0.00, 0.00, 0.00, 0.00
412, 1, 565, 0.00, 0.00, 0.00, 0.00
413, -1, 756, 0.00, 0.00, 0.00, 0.00
414, -1, 462, 0.00, 0.00, 0.00, 0.00
415, -1, 566, 0.00, 0.00, 0.00, 0.00
416, -1, 216, 0.00, 0.00, 0.00, 0.00
417, -1, 168, 0.00, 0.00, 0.00, 0.00
418, -1, 416, 0.00, 0.00, 0.00, 0.00
419, 1, 587, 0.00, 0.00, 0.00, 0.00
420, -1, 134, 0.00, 0.00, 0.00, 0.00
421, 1, 335, 0.00, 0.00, 0.00, 0.00
422, -1, 340, 0.00, 0.00, 0.00, 0.00
423, -1, 476, 0.00, 0.00, 0.00, 0.00
424, -1, 804, 0.00, 0.00, 0.00, 0.00
425, -1, 470, 0.00, 0.00, 0.00, 0.00
426, -1, 982, 0.00, 0.00, 0.00, 0.00
427, -1, 628, 0.00, 0.00, 0.00, 0.00
428, -1, 742, 0.00, 0.00, 0.00, 0.00
429, -1, 578, 0.00, 0.00, 0.00, 0.00
430, 2, 1000, 0.00, 0.00, 0.00, 0.00
431, -1, 512, 0.00, 0.00, 0.00, 0.00
432, -1, 332, 0.00, 0.00, 0.00, 0.00
433, -1, 848, 0.00, 0.00, 0.00, 0.00
434, -1, 566, 0.00, 0.00, 0.00, 0.00
435, -1, 276, 0.00, 0.00, 0.00, 0.00
436, -1, 638, 0.00, 0.00, 0.00, 0.00
437, -1, 516, 0.00, 0.00, 0.00, 0.00
438, -1, 824, 0.00, 0.00, 0.00, 0.00
439, -1, 860, 0.00, 0.00, 0.00, 0.00
440, -1, 554, 0.00, 0.00, 0.00, 0.00
441, -1, 362, 0.00, 0.00, 0.00, 0.00
442, -1, 140, 0.00, 0.00, 0.00, 0.00
443, -1, 406, 0.00, 0.00, 0.00, 0.00
444, -1, 290, 0.00, 0.00, 0.00, 0.00
445, -1, 342, 0.00, 0.00, 0.00, 0.00
446, 2, 1000, 0.00, 0.00, 0.00, 0.00
447, -1, 478, 0.00, 0.00, 0.00, 0.00
448, -1, 816, 0.00, 0.00, 0.00, 0.00
449, -1, 194, 0.00, 0.00, 0.00, 0.00
450, -1, 262, 0.00, 0.00, 0.00, 0.00
451, -1, 758, 0.00, 0.00, 0.00, 0.00
452, -1, 572, 0.00, 0.00, 0.00, 0.00
453, 2, 1000, 0.00, 0.00, 0.00, 0.00
454, -1, 258, 0.00, 0.00, 0.00, 0.00
455, -1, 374, 0.00, 0.00, 0.00, 0.00
456, -1, 610, 0.00, 0.00, 0.00, 0.00
457, -1, 470, 0.00, 0.00, 0.00, 0.00
458, -1, 980, 0.00, 0.00, 0.00, 0.00
459, -1, 706, 0.00, 0.00, 0.00, 0.00
460, -1, 418, 0.00, 0.00, 0.00, 0.00
461, 2, 1000, 0.00, 0.00, 0.00, 0.00
462, -1, 584, 0.00, 0.00, 0.00, 0.00
463, -1, 126, 0.00, 0.00, 0.00, 0.00
464, -1, 522, 0.00, 0.00, 0.00, 0.00
465, -1, 262, 0.00, 0.00, 0.00, 0.00
466, -1, 226, 0.00, 0.00, 0.00, 0.00
467, -1, 760, 0.00, 0.00, 0.00, 0.00
468, -1, 590, 0.00, 0.00, 0.00, 0.00
469, -1, 660, 0.00, 0.00, 0.00, 0.00
470, -1, 414, 0.00, 0.00, 0.00, 0.00
471, -1, 158, 0.00, 0.00, 0.00, 0.00
472, -1, 208, 0.00, 0.00, 0.00, 0.00
473, -1, 716, 0.00, 0.00, 0.00, 0.00
474, -1, 780, 0.00, 0.00, 0.00, 0.00
475, -1, 186, 0.00, 0.00, 0.00, 0.00
476, -1, 236, 0.00, 0.00, 0.00, 0.00
477, -1, 856, 0.00, 0.00, 0.00, 0.00
478, -1, 602, 0.00, 0.00, 0.00, 0.00
479, -1, 204, 0.00, 0.00, 0.00, 0.00
480, -1, 186, 0.00, 0.00, 0.00, 0.00
481, -1, 702, 0.00, 0.00, 0.00, 0.00
482, -1, 678, 0.00, 0.00, 0.00, 0.00
483, -1, 352, 0.00, 0.00, 0.00, 0.00
484, -1, 170, 0.00, 0.00, 0.00, 0.00
485, -1, 478, 0.00, 0.00, 0.00, 0.00
486, -1, 400, 0.00, 0.00, 0.00, 0.00
487, -1, 198, 0.00, 0.00, 0.00, 0.00
488, -1, 428, 0.00, 0.00, 0.00, 0.00
489, -1, 244, 0.00, 0.00, 0.00, 0.00
490, -1, 554, 0.00, 0.00, 0.00, 0.00
491, -1, 626, 0.00, 0.00, 0.00, 0.00
492, -1, 506, 0.00, 0.00, 0.00, 0.00
493, -1, 286, 0.00, 0.00, 0.00, 0.00
494, -1, 504, 0.00, 0.00, 0.00, 0.00
495, -1, 566, 0.00, 0.00, 0.00, 0.00
496, -1, 726, 0.00, 0.00, 0.00, 0.00
497, -1, 140, 0.00, 0.00, 0.00, 0.00
498, -1, 430, 0.00, 0.00, 0.00, 0.00
499, -1, 314, 0.00, 0.00, 0.00, 0.00
500, -1, 228, 0.00, 0.00, 0.00, 0.00
501, -1, 512, 0.00, 0.00, 0.00, 0.00
502, -1, 840, 0.00, 0.00, 0.00, 0.00
503, -1, 470, 0.00, 0.00, 0.00, 0.00
504, -1, 742, 0.00, 0.00, 0.00, 0.00
505, -1, 164, 0.00, 0.00, 0.00, 0.00
506, -1, 542, 0.00, 0.00, 0.00, 0.00
507, -1, 748, 0.00, 0.00, 0.00, 0.00
508, -1, 428, 0.00, 0.00, 0.00, 0.00
509, -1, 926, 0.00, 0.00, 0.00, 0.00
510, -1, 168, 0.00, 0.00, 0.00, 0.00
511, -1, 644, 0.00, 0.00, 0.00, 0.00
512, 2, 1000, 0.00, 0.00, 0.00, 0.00
513, -1, 390, 0.00, 0.00, 0.00, 0.00
514, -1, 258, 0.00, 0.00, 0.00, 0.00
515, -1, 660, 0.00, 0.00, 0.00, 0.00
516, -1, 782, 0.00, 0.00, 0.00, 0.00
517, -1, 402, 0.00, 0.00, 0.00, 0.00
518, -1, 674, 0.00, 0.00, 0.00, 0.00
519, -1, 730, 0.00, 0.00, 0.00, 0.00
520, -1, 274, 0.00, 0.00, 0.00, 0.00
521, -1, 748, 0.00, 0.00, 0.00, 0.00
522, -1, 226, 0.00, 0.00, 0.00, 0.00
523, -1, 504, 0.00, 0.00, 0.00, 0.00
524, -1, 376, 0.00, 0.00, 0.00, 0.00
525, -1, 652, 0.00, 0.00, 0.00, 0.00
526, -1, 774, 0.00, 0.00, 0.00, 0.00
527, -1, 830, 0.00, 0.00, 0.00, 0.00
528, -1, 420, 0.00, 0.00, 0.00, 0.00
529, -1, 588, 0.00, 0.00, 0.00, 0.00
530, -1, 704, 0.00, 0.00, 0.00, 0.00
531, 2, 1000, 0.00, 0.00, 0.00, 0.00
532, -1, 302, 0.00, 0.00, 0.00, 0.00
533, 2, 1000, 0.00, 0.00, 0.00, 0.00
534, -1, 180, 0.00, 0.00, 0.00, 0.00
535, -1, 828, 0.00, 0.00, 0.00, 0.00
536, -1, 504, 0.00, 0.00, 0.00, 0.00
537, -1, 266, 0.00, 0.00, 0.00, 0.00
538, -1, 352, 0.00, 0.00, 0.00, 0.00
539, -1, 488, 0.00, 0.00, 0.00, 0.00
540, 1, 231, 0.00, 0.00, 0.00, 0.00
541, -1, 614, 0.00, 0.00, 0.00, 0.00
542, -1, 658, 0.00, 0.00, 0.00, 0.00
543, -1, 378, 0.00, 0.00, 0.00, 0.00
544, -1, 272, 0.00, 0.00, 0.00, 0.00
545, -1, 530, 0.00, 0.00, 0.00, 0.00
546, -1, 452, 0.00, 0.00, 0.00, 0.00
547, -1, 484, 0.00, 0.00, 0.00, 0.00
548, -1, 402, 0.00, 0.00, 0.00, 0.00
549, -1, 300, 0.00, 0.00, 0.00, 0.00
550, -1, 930, 0.00, 0.00, 0.00, 0.00
551, -1, 650, 0.00, 0.00, 0.00, 0.00
552, -1, 550, 0.00, 0.00, 0.00, 0.00
553, -1, 756, 0.00, 0.00, 0.00, 0.00
554, -1, 402, 0.00, 0.00, 0.00, 0.00
555, -1, 590, 0.00, 0.00, 0.00, 0.00
556, -1, 184, 0.00, 0.00, 0.00, 0.00
557, 1, 197, 0.00, 0.00, 0.00, 0.00
558, -1, 672, 0.00, 0.00, 0.00, 0.00
559, -1, 342, 0.00, 0.00, 0.00, 0.00
560, -1, 138, 0.00, 0.00, 0.00, 0.00
561, -1, 402, 0.00, 0.00, 0.00, 0.00
562, -1, 332, 0.00, 0.00, 0.00, 0.00
563, -1, 838, 0.00, 0.00, 0.00, 0.00
564, -1, 272, 0.00, 0.00, 0.00, 0.00
565, -1, 280, 0.00, 0.00, 0.00, 0.00
566, -1, 470, 0.00, 0.00, 0.00, 0.00
567, -1, 224, 0.00, 0.00, 0.00, 0.00
568, -1, 488, 0.00, 0.00, 0.00, 0.00
569, -1, 320, 0.00, 0.00, 0.00, 0.00
570, -1, 416, 0.00, 0.00, 0.00, 0.00
571, 2, 1000, 0.00, 0.00, 0.00, 0.00
572, -1, 232, 0.00, 0.00, 0.00, 0.00
573, -1, 830, 0.00, 0.00, 0.00, 0.00
574, -1, 698, 0.00, 0.00, 0.00, 0.00
575, 2, 1000, 0.00, 0.00, 0.00, 0.00
576, -1, 452, 0.00, 0.00, 0.00, 0.00
577, -1, 416, 0.00, 0.00, 0.00, 0.00
578, -1, 868, 0.00, 0.00, 0.00, 0.00
579, -1, 670, 0.00, 0.00, 0.00, 0.00
580, -1, 288, 0.00, 0.00, 0.00, 0.00
581, -1, 554, 0.00, 0.00, 0.00, 0.00
582, -1, 416, 0.00, 0.00, 0.00, 0.00
583, -1, 268, 0.00, 0.00, 0.00, 0.00
584, 1, 841, 0.00, 0.00, 0.00, 0.00
585, -1, 560, 0.00, 0.00, 0.00, 0.00
586, -1, 904, 0.00, 0.00, 0.00, 0.00
587, 2, 1000, 0.00, 0.00, 0.00, 0.00
588, -1, 208, 0.00, 0.00, 0.00, 0.00
589, -1, 716, 0.00, 0.00, 0.00, 0.00
590, 1, 187, 0.00, 0.00, 0.00, 0.00
591, 2, 1000, 0.00, 0.00, 0.00, 0.00
592, -1, 334, 0.00, 0.00, 0.00, 0.00
593, -1, 940, 0.00, 0.00, 0.00, 0.00
594, 2, 1000, 0.00, 0.00, 0.00, 0.00
595, -1, 866, 0.00, 0.00, 0.00, 0.00
596, -1, 154, 0.00, 0.00, 0.00, 0.00
597, -1, 478, 0.00, 0.00, 0.00, 0.00
598, -1, 750, 0.00, 0.00, 0.00, 0.00
599, -1, 170, 0.00, 0.00, 0.00, 0.00
600, 2, 1000, 0.00, 0.00, 0.00, 0.00
601, -1, 372, 0.00, 0.00, 0.00, 0.00
602, -1, 976, 0.00, 0.00, 0.00, 0.00
603, -1, 898, 0.00, 0.00, 0.00, 0.00
604, -1, 258, 0.00, 0.00, 0.00, 0.00
605, -1, 568, 0.00, 0.00, 0.00, 0.00
606, -1, 450, 0.00, 0.00, 0.00, 0.00
607, -1, 414, 0.00, 0.00, 0.00, 0.00
608, -1, 290, 0.00, 0.00, 0.00, 0.00
609, -1, 826, 0.00, 0.00, 0.00, 0.00
610, -1, 370, 0.00, 0.00, 0.00, 0.00
611, -1, 214, 0.00, 0.00, 0.00, 0.00
612, -1, 786, 0.00, 0.00, 0.00, 0.00
613, -1, 562, 0.00, 0.00, 0.00, 0.00
614, -1, 734, 0.00, 0.00, 0.00, 0.00
615, -1, 216, 0.00, 0.00, 0.00, 0.00
616, -1, 506, 0.00, 0.00, 0.00, 0.00
617, -1, 634, 0.00, 0.00, 0.00, 0.00
618, -1, 564, 0.00, 0.00, 0.00, 0.00
619, -1, 446, 0.00, 0.00, 0.00, 0.00
620, 2, 1000, 0.00, 0.00, 0.00, 0.00
621, -1, 402, 0.00, 0.00, 0.00, 0.00
622, -1, 996, 0.00, 0.00, 0.00, 0.00
623, -1, 408, 0.00, 0.00, 0.00, 0.00
624, -1, 602, 0.00, 0.00, 0.00, 0.00
625, 1, 253, 0.00, 0.00, 0.00, 0.00
626, -1, 570, 0.00, 0.00, 0.00, 0.00
627, -1, 208, 0.00, 0.00, 0.00, 0.00
628, -1, 496, 0.00, 0.00, 0.00, 0.00
629, -1, 444, 0.00, 0.00, 0.00, 0.00
630, -1, 304, 0.00, 0.00, 0.00, 0.00
631, -1, 574, 0.00, 0.00, 0.00, 0.00
632, 1, 191, 0.00, 0.00, 0.00, 0.00
633, 2, 1000, 0.00, 0.00, 0.00, 0.00
634, -1, 950, 0.00, 0.00, 0.00, 0.00
635, -1, 546, 0.00, 0.00, 0.00, 0.00
636, -1, 382, 0.00, 0.00, 0.00, 0.00
637, -1, 624, 0.00, 0.00, 0.00, 0.00
638, -1, 770, 0.00, 0.00, 0.00, 0.00
639, -1, 190, 0.00, 0.00, 0.00, 0.00
640, -1, 218, 0.00, 0.00, 0.00, 0.00
641, -1, 180, 0.00, 0.00, 0.00, 0.00
642, -1, 938, 0.00, 0.00, 0.00, 0.00
643, -1, 300, 0.00, 0.00, 0.00, 0.00
644, -1, 476, 0.00, 0.00, 0.00, 0.00
645, -1, 658, 0.00, 0.00, 0.00, 0.00
646, -1, 316, 0.00, 0.00, 0.00, 0.00
647, -1, 548, 0.00, 0.00, 0.00, 0.00
648, -1, 544, 0.00, 0.00, 0.00, 0.00
649, -1, 140, 0.00, 0.00, 0.00, 0.00
650, -1, 618, 0.00, 0.00, 0.00, 0.00
651, -1, 460, 0.00, 0.00, 0.00, 0.00
652, -1, 662, 0.00, 0.00, 0.00, 0.00
653, -1, 370, 0.00, 0.00, 0.00, 0.00
654, -1, 270, 0.00, 0.00, 0.00, 0.00
655, -1, 292, 0.00, 0.00, 0.00, 0.00
656, -1, 494, 0.00, 0.00, 0.00, 0.00
657, -1, 280, 0.00, 0.00, 0.00, 0.00
658, -1, 154, 0.00, 0.00, 0.00, 0.00
659, -1, 648, 0.00, 0.00, 0.00, 0.00
660, -1, 304, 0.00, 0.00, 0.00, 0.00
661, -1, 614, 0.00, 0.00, 0.00, 0.00
662, -1, 880, 0.00, 0.00, 0.00, 0.00
663, -1, 800, 0.00, 0.00, 0.00, 0.00
664, -1, 430, 0.00, 0.00, 0.00, 0.00
665, -1, 880, 0.00, 0.00, 0.00, 0.00
666, -1, 982, 0.00, 0.00, 0.00, 0.00
667, -1, 878, 0.00, 0.00, 0.00, 0.00
668, 2, 1000, 0.00, 0.00, 0.00, 0.00
669, -1, 364, 0.00, 0.00, 0.00, 0.00
670, -1, 542, 0.00, 0.00, 0.00, 0.00
671, -1, 450, 0.00, 0.00, 0.00, 0.00
672, -1, 374, 0.00, 0.00, 0.00, 0.00
673, -1, 558, 0.00, 0.00, 0.00, 0.00
674, -1, 844, 0.00, 0.00, 0.00, 0.00
675, 2, 1000, 0.00, 0.00, 0.00, 0.00
676, -1, 218, 0.00, 0.00, 0.00, 0.00
677, -1, 468, 0.00, 0.00, 0.00, 0.00
678, -1, 186, 0.00, 0.00, 0.00, 0.00
679, -1, 402, 0.00, 0.00, 0.00, 0.00
680, -1, 936, 0.00, 0.00, 0.00, 0.00
681, -1, 122, 0.00, 0.00, 0.00, 0.00
682, -1, 278, 0.00, 0.00, 0.00, 0.00
683, -1, 318, 0.00, 0.00, 0.00, 0.00
684, -1, 638, 0.00, 0.00, 0.00, 0.00
685, -1, 492, 0.00, 0.00, 0.00, 0.00
686, -1, 302, 0.00, 0.00, 0.00, 0.00
687, -1, 684, 0.00, 0.00, 0.00, 0.00
688, -1, 278, 0.00, 0.00, 0.00, 0.00
689, -1, 328, 0.00, 0.00, 0.00, 0.00
690, -1, 292, 0.00, 0.00, 0.00, 0.00
691, -1, 366, 0.00, 0.00, 0.00, 0.00
692, -1, 668, 0.00, 0.00, 0.00, 0.00
693, -1, 460, 0.00, 0.00, 0.00, 0.00
694, -1, 324, 0.00, 0.00, 0.00, 0.00
695, -1, 774, 0.00, 0.00, 0.00, 0.00
696, -1, 922, 0.00, 0.00, 0.00, 0.00
697, -1, 326, 0.00, 0.00, 0.00, 0.00
698, -1, 218, 0.00, 0.00, 0.00, 0.00
699, -1, 800, 0.00, 0.00, 0.00, 0.00
700, -1, 536, 0.00, 0.00, 0.00, 0.00
701, -1, 358, 0.00, 0.00, 0.00, 0.00
702, -1, 354, 0.00, 0.00, 0.00, 0.00
703, -1, 244, 0.00, 0.00, 0.00, 0.00
704, -1, 282, 0.00, 0.00, 0.00, 0.00
705, -1, 736, 0.00, 0.00, 0.00, 0.00
706, -1, 626, 0.00, 0.00, 0.00, 0.00
707, -1, 594, 0.00, 0.00, 0.00, 0.00
708, -1, 92, 0.00, 0.00, 0.00, 0.00
709, -1, 162, 0.00, 0.00, 0.00, 0.00
710, -1, 952, 0.00, 0.00, 0.00, 0.00
711, -1, 900, 0.00, 0.00, 0.00, 0.00
712, -1, 246, 0.00, 0.00, 0.00, 0.00
713, -1, 168, 0.00, 0.00, 0.00, 0.00
714, -1, 118, 0.00, 0.00, 0.00, 0.00
715, -1, 934, 0.00, 0.00, 0.00, 0.00
716, 2, 1000, 0.00, 0.00, 0.00, 0.00
717, 2, 1000, 0.00, 0.00, 0.00, 0.00
718, 2, 1000, 0.00, 0.00, 0.00, 0.00
719, 2, 1000, 0.00, 0.00, 0.00, 0.00
720, -1, 150, 0.00, 0.00, 0.00, 0.00
721, 1, 509, 0.00, 0.00, 0.00, 0.00
722, -1, 598, 0.00, 0.00, 0.00, 0.00
723, -1, 262, 0.00, 0.00, 0.00, 0.00
724, -1, 758, 0.00, 0.00, 0.00, 0.00
725, -1, 276, 0.00, 0.00, 0.00, 0.00
726, -1, 934, 0.00, 0.00, 0.00, 0.00
727, -1, 450, 0.00, 0.00, 0.00, 0.00
728, -1, 254, 0.00, 0.00, 0.00, 0.00
729, 2, 1000, 0.00, 0.00, 0.00, 0.00
730, 2, 1000, 0.00, 0.00, 0.00, 0.00
731, -1, 892, 0.00, 0.00, 0.00, 0.00
732, 1, 403, 0.00, 0.00, 0.00, 0.00
733, -1, 446, 0.00, 0.00, 0.00, 0.00
734, 2, 1000, 0.00, 0.00, 0.00, 0.00
735, -1, 980, 0.00, 0.00, 0.00, 0.00
736, -1, 424, 0.00, 0.00, 0.00, 0.00
737, -1, 628, 0.00, 0.00, 0.00, 0.00
738, -1, 630, 0.00, 0.00, 0.00, 0.00
739, 2, 1000, 0.00, 0.00, 0.00, 0.00
740, -1, 216, 0.00, 0.00, 0.00, 0.00
741, -1, 558, 0.00, 0.00, 0.00, 0.00
742, -1, 182, 0.00, 0.00, 0.00, 0.00
743, -1, 542, 0.00, 0.00, 0.00, 0.00
744, 2, 1000, 0.00, 0.00, 0.00, 0.00
745, -1, 510, 0.00, 0.00, 0.00, 0.00
746, 2, 1000, 0.00, 0.00, 0.00, 0.00
747, -1, 884, 0.00, 0.00, 0.00, 0.00
748, -1, 484, 0.00, 0.00, 0.00, 0.00
749, -1, 916, 0.00, 0.00, 0.00, 0.00
750, 1, 671, 0.00, 0.00, 0.00, 0.00
751, -1, 220, 0.00, 0.00, 0.00, 0.00
752, -1, 280, 0.00, 0.00, 0.00, 0.00
753, -1, 376, 0.00, 0.00, 0.00, 0.00
754, -1, 510, 0.00, 0.00, 0.00, 0.00
755, -1, 466, 0.00, 0.00, 0.00, 0.00
756, -1, 560, 0.00, 0.00, 0.00, 0.00
757, 2, 1000, 0.00, 0.00, 0.00, 0.00
758, -1, 726, 0.00, 0.00, 0.00, 0.00
759, 1, 303, 0.00, 0.00, 0.00, 0.00
760, 2, 1000, 0.00, 0.00, 0.00, 0.00
761, -1, 536, 0.00, 0.00, 0.00, 0.00
762, -1, 484, 0.00, 0.00, 0.00, 0.00
763, -1, 650, 0.00, 0.00, 0.00, 0.00
764, -1, 722, 0.00, 0.00, 0.00, 0.00
765, -1, 804, 0.00, 0.00, 0.00, 0.00
766, 1, 195, 0.00, 0.00, 0.00, 0.00
767, -1, 636, 0.00, 0.00, 0.00, 0.00
768, -1, 294, 0.00, 0.00, 0.00, 0.00
769, -1, 800, 0.00, 0.00, 0.00, 0.00
770, -1, 534, 0.00, 0.00, 0.00, 0.00
771, -1, 250, 0.00, 0.00, 0.00, 0.00
772, -1, 724, 0.00, 0.00, 0.00, 0.00
773, -1, 780, 0.00, 0.00, 0.00, 0.00
774, -1, 546, 0.00, 0.00, 0.00, 0.00
775, -1, 282, 0.00, 0.00, 0.00, 0.00
776, -1, 556, 0.00, 0.00, 0.00, 0.00
777, -1, 766, 0.00, 0.00, 0.00, 0.00
778, -1, 972, 0.00, 0.00, 0.00, 0.00
779, 1, 711, 0.00, 0.00, 0.00, 0.00
780, -1, 480, 0.00, 0.00, 0.00, 0.00
781, -1, 274, 0.00, 0.00, 0.00, 0.00
782, 1, 247, 0.00, 0.00, 0.00, 0.00
783, -1, 270, 0.00, 0.00, 0.00, 0.00
784, -1, 972, 0.00, 0.00, 0.00, 0.00
785, -1, 228, 0.00, 0.00, 0.00, 0.00
786, -1, 82, 0.00, 0.00, 0.00, 0.00
787, -1, 922, 0.00, 0.00, 0.00, 0.00
788, -1, 566, 0.00, 0.00, 0.00, 0.00
789, -1, 558, 0.00, 0.00, 0.00, 0.00
790, -1, 330, 0.00, 0.00, 0.00, 0.00
791, -1, 868, 0.00, 0.00, 0.00, 0.00
792, -1, 174, 0.00, 0.00, 0.00, 0.00
793, 1, 707, 0.00, 0.00, 0.00, 0.00
794, -1, 710, 0.00, 0.00, 0.00, 0.00
795, -1, 698, 0.00, 0.00, 0.00, 0.00
796, -1, 788, 0.00, 0.00, 0.00, 0.00
797, -1, 134, 0.00, 0.00, 0.00, 0.00
798, -1, 614, 0.00, 0.00, 0.00, 0.00
799, -1, 746, 0.00, 0.00, 0.00, 0.00
800, 2, 1000, 0.00, 0.00, 0.00, 0.00
801, -1, 596, 0.00, 0.00, 0.00, 0.00
802, -1, 256, 0.00, 0.00, 0.00, 0.00
803, -1, 838, 0.00, 0.00, 0.00, 0.00
804, -1, 168, 0.00, 0.00, 0.00, 0.00
805, -1, 648, 0.00, 0.00, 0.00, 0.00
806, -1, 210, 0.00, 0.00, 0.00, 0.00
807, -1, 456, 0.00, 0.00, 0.00, 0.00
808, 2, 1000, 0.00, 0.00, 0.00, 0.00
809, -1, 150, 0.00, 0.00, 0.00, 0.00
810, -1, 328, 0.00, 0.00, 0.00, 0.00
811, -1, 158, 0.00, 0.00, 0.00, 0.00
812, -1, 266, 0.00, 0.00, 0.00, 0.00
813, -1, 678, 0.00, 0.00, 0.00, 0.00
814, -1, 492, 0.00, 0.00, 0.00, 0.00
815, -1, 700, 0.00, 0.00, 0.00, 0.00
816, -1, 622, 0.00, 0.00, 0.00, 0.00
817, -1, 264, 0.00, 0.00, 0.00, 0.00
818, 2, 1000, 0.00, 0.00, 0.00, 0.00
819, -1, 324, 0.00, 0.00, 0.00, 0.00
820, -1, 810, 0.00, 0.00, 0.00, 0.00
821, -1, 690, 0.00, 0.00, 0.00, 0.00
822, -1, 618, 0.00, 0.00, 0.00, 0.00
823, -1, 586, 0.00, 0.00, 0.00, 0.00
824, 2, 1000, 0.00, 0.00, 0.00, 0.00
825, -1, 828, 0.00, 0.00, 0.00, 0.00
826, -1, 404, 0.00, 0.00, 0.00, 0.00
827, -1, 624, 0.00, 0.00, 0.00, 0.00
828, -1, 214, 0.00, 0.00, 0.00, 0.00
829, 2, 1000, 0.00, 0.00, 0.00, 0.00
830, -1, 372, 0.00, 0.00, 0.00, 0.00
831, -1, 818, 0.00, 0.00, 0.00, 0.00
832, -1, 142, 0.00, 0.00, 0.00, 0.00
833, -1, 710, 0.00, 0.00, 0.00, 0.00
834, -1, 354, 0.00, 0.00, 0.00, 0.00
835, 1, 113, 0.00, 0.00, 0.00, 0.00
836, -1, 338, 0.00, 0.00, 0.00, 0.00
837, 1, 209, 0.00, 0.00, 0.00, 0.00
838, -1, 302, 0.00, 0.00, 0.00, 0.00
839, -1, 196, 0.00, 0.00, 0.00, 0.00
840, 2, 1000, 0.00, 0.00, 0.00, 0.00
841, -1, 642, 0.00, 0.00, 0.00, 0.00
842, -1, 310, 0.00, 0.00, 0.00, 0.00
843, -1, 316, 0.00, 0.00, 0.00, 0.00
844, -1, 176, 0.00, 0.00, 0.00, 0.00
845, -1, 156, 0.00, 0.00, 0.00, 0.00
846, -1, 682, 0.00, 0.00, 0.00, 0.00
847, -1, 884, 0.00, 0.00, 0.00, 0.00
848, -1, 304, 0.00, 0.00, 0.00, 0.00
849, -1, 616, 0.00, 0.00, 0.00, 0.00
850, 2, 1000, 0.00, 0.00, 0.00, 0.00
851, -1, 850, 0.00, 0.00, 0.00, 0.00
852, -1, 582, 0.00, 0.00, 0.00, 0.00
853, -1, 360, 0.00, 0.00, 0.00, 0.00
854, -1, 420, 0.00, 0.00, 0.00, 0.00
855, -1, 68, 0.00, 0.00, 0.00, 0.00
856, -1, 830, 0.00, 0.00, 0.00, 0.00
857, 2, 1000, 0.00, 0.00, 0.00, 0.00
858, -1, 540, 0.00, 0.00, 0.00, 0.00
859, -1, 150, 0.00, 0.00, 0.00, 0.00
860, -1, 180, 0.00, 0.00, 0.00, 0.00
861, -1, 600, 0.00, 0.00, 0.00, 0.00
862, -1, 604, 0.00, 0.00, 0.00, 0.00
863, -1, 208, 0.00, 0.00, 0.00, 0.00
864, -1, 712, 0.00, 0.00, 0.00, 0.00
865, -1, 470, 0.00, 0.00, 0.00, 0.00
866, -1, 290, 0.00, 0.00, 0.00, 0.00
867, -1, 190, 0.00, 0.00, 0.00, 0.00
868, -1, 498, 0.00, 0.00, 0.00, 0.00
869, 2, 1000, 0.00, 0.00, 0.00, 0.00
870, 2, 1000, 0.00, 0.00, 0.00, 0.00
871, -1, 772, 0.00, 0.00, 0.00, 0.00
872, -1, 648, 0.00, 0.00, 0.00, 0.00
873, -1, 340, 0.00, 0.00, 0.00, 0.00
874, -1, 914, 0.00, 0.00, 0.00, 0.00
875, -1, 340, 0.00, 0.00, 0.00, 0.00
876, -1, 182, 0.00, 0.00, 0.00, 0.00
877, -1, 382, 0.00, 0.00, 0.00, 0.00
878, -1, 344, 0.00, 0.00, 0.00, 0.00
879, -1, 122, 0.00, 0.00, 0.00, 0.00
880, 2, 1000, 0.00, 0.00, 0.00, 0.00
881, -1, 362, 0.00, 0.00, 0.00, 0.00
882, -1, 258, 0.00, 0.00, 0.00, 0.00
883, -1, 986, 0.00, 0.00, 0.00, 0.00
884, -1, 472, 0.00, 0.00, 0.00, 0.00
885, 2, 1000, 0.00, 0.00, 0.00, 0.00
886, -1, 414, 0.00, 0.00, 0.00, 0.00
887, -1, 120, 0.00, 0.00, 0.00, 0.00
888, -1, 258, 0.00, 0.00, 0.00, 0.00
889, -1, 192, 0.00, 0.00, 0.00, 0.00
890, -1, 234, 0.00, 0.00, 0.00, 0.00
891, 2, 1000, 0.00, 0.00, 0.00, 0.00
892, -1, 626, 0.00, 0.00, 0.00, 0.00
893, -1, 254, 0.00, 0.00, 0.00, 0.00
894, -1, 712, 0.00, 0.00, 0.00, 0.00
895, -1, 472, 0.00, 0.00, 0.00, 0.00
896, -1, 148, 0.00, 0.00, 0.00, 0.00
897, -1, 658, 0.00, 0.00, 0.00, 0.00
898, -1, 548, 0.00, 0.00, 0.00, 0.00
899, -1, 486, 0.00, 0.00, 0.00, 0.00
900, -1, 382, 0.00, 0.00, 0.00, 0.00
901, -1, 934, 0.00, 0.00, 0.00, 0.00
902, -1, 536, 0.00, 0.00, 0.00, 0.00
903, -1, 930, 0.00, 0.00, 0.00, 0.00
904, 2, 1000, 0.00, 0.00, 0.00, 0.00
905, -1, 340, 0.00, 0.00, 0.00, 0.00
906, -1, 466, 0.00, 0.00, 0.00, 0.00
907, -1, 764, 0.00, 0.00, 0.00, 0.00
908, -1, 254, 0.00, 0.00, 0.00, 0.00
909, -1, 230, 0.00, 0.00, 0.00, 0.00
910, -1, 896, 0.00, 0.00, 0.00, 0.00
911, -1, 448, 0.00, 0.00, 0.00, 0.00
912, -1, 424, 0.00, 0.00, 0.00, 0.00
913, -1, 910, 0.00, 0.00, 0.00, 0.00
914, -1, 624, 0.00, 0.00, 0.00, 0.00
915, -1, 710, 0.00, 0.00, 0.00, 0.00
916, -1, 792, 0.00, 0.00, 0.00, 0.00
917, -1, 450, 0.00, 0.00, 0.00, 0.00
918, -1, 514, 0.00, 0.00, 0.00, 0.00
919, -1, 606, 0.00, 0.00, 0.00, 0.00
920, -1, 346, 0.00, 0.00, 0.00, 0.00
921, 1, 419, 0.00, 0.00, 0.00, 0.00
922, -1, 596, 0.00, 0.00, 0.00, 0.00
923, -1, 618, 0.00, 0.00, 0.00, 0.00
924, -1, 122, 0.00, 0.00, 0.00, 0.00
925, -1, 598, 0.00, 0.00, 0.00, 0.00
926, -1, 292, 0.00, 0.00, 0.00, 0.00
927, -1, 266, 0.00, 0.00, 0.00, 0.00
928, -1, 314, 0.00, 0.00, 0.00, 0.00
929, -1, 606, 0.00, 0.00, 0.00, 0.00
930, -1, 496, 0.00, 0.00, 0.00, 0.00
931, 2, 1000, 0.00, 0.00, 0.00, 0.00
932, -1, 258, 0.00, 0.00, 0.00, 0.00
933, -1, 256, 0.00, 0.00, 0.00, 0.00
934, -1, 508, 0.00, 0.00, 0.00, 0.00
935, -1, 742, 0.00, 0.00, 0.00, 0.00
936, -1, 848, 0.00, 0.00, 0.00, 0.00
937, -1, 428, 0.00, 0.00, 0.00, 0.00
938, 2, 1000, 0.00, 0.00, 0.00, 0.00
939, -1, 438, 0.00, 0.00, 0.00, 0.00
940, -1, 848, 0.00, 0.00, 0.00, 0.00
941, -1, 724, 0.00, 0.00, 0.00, 0.00
942, -1, 778, 0.00, 0.00, 0.00, 0.00
943, -1, 248, 0.00, 0.00, 0.00, 0.00
944, -1, 692, 0.00, 0.00, 0.00, 0.00
945, -1, 218, 0.00, 0.00, 0.00, 0.00
946, 2, 1000, 0.00, 0.00, 0.00, 0.00
947, -1, 898, 0.00, 0.00, 0.00, 0.00
948, -1, 774, 0.00, 0.00, 0.00, 0.00
949, -1, 292, 0.00, 0.00, 0.00, 0.00
950, -1, 474, 0.00, 0.00, 0.00, 0.00
951, -1, 332, 0.00, 0.00, 0.00, 0.00
952, -1, 386, 0.00, 0.00, 0.00, 0.00
953, -1, 376, 0.00, 0.00, 0.00, 0.00
954, -1, 400, 0.00, 0.00, 0.00, 0.00
955, -1, 978, 0.00, 0.00, 0.00, 0.00
956, -1, 268, 0.00, 0.00, 0.00, 0.00
957, 2, 1000, 0.00, 0.00, 0.00, 0.00
958, -1, 478, 0.00, 0.00, 0.00, 0.00
959, -1, 266, 0.00, 0.00, 0.00, 0.00
960, -1, 624, 0.00, 0.00, 0.00, 0.00
961, -1, 350, 0.00, 0.00, 0.00, 0.00
962, -1, 398, 0.00, 0.00, 0.00, 0.00
963, -1, 274, 0.00, 0.00, 0.00, 0.00
964, -1, 408, 0.00, 0.00, 0.00, 0.00
965, -1, 306, 0.00, 0.00, 0.00, 0.00
966, -1, 722, 0.00, 0.00, 0.00, 0.00
967, -1, 436, 0.00, 0.00, 0.00, 0.00
968, -1, 322, 0.00, 0.00, 0.00, 0.00
969, -1, 862, 0.00, 0.00, 0.00, 0.00
970, -1, 658, 0.00, 0.00, 0.00, 0.00
971, -1, 292, 0.00, 0.00, 0.00, 0.00
972, -1, 618, 0.00, 0.00, 0.00, 0.00
973, -1, 884, 0.00, 0.00, 0.00, 0.00
974, -1, 578, 0.00, 0.00, 0.00, 0.00
975, -1, 488, 0.00, 0.00, 0.00, 0.00
976, 2, 1000, 0.00, 0.00, 0.00, 0.00
977, -1, 152, 0.00, 0.00, 0.00, 0.00
978, -1, 718, 0.00, 0.00, 0.00, 0.00
979, -1, 692, 0.00, 0.00, 0.00, 0.00
980, -1, 766, 0.00, 0.00, 0.00, 0.00
981, 1, 463, 0.00, 0.00, 0.00, 0.00
982, -1, 492, 0.00, 0.00, 0.00, 0.00
983, -1, 544, 0.00, 0.00, 0.00, 0.00
984, -1, 146, 0.00, 0.00, 0.00, 0.00
985, -1, 874, 0.00, 0.00, 0.00, 0.00
986, -1, 486, 0.00, 0.00, 0.00, 0.00
987, -1, 784, 0.00, 0.00, 0.00, 0.00
988, -1, 714, 0.00, 0.00, 0.00, 0.00
989, -1, 398, 0.00, 0.00, 0.00, 0.00
990, -1, 994, 0.00, 0.00, 0.00, 0.00
991, -1, 282, 0.00, 0.00, 0.00, 0.00
992, -1, 162, 0.00, 0.00, 0.00, 0.00
993, -1, 746, 0.00, 0.00, 0.00, 0.00
994, -1, 686, 0.00, 0.00, 0.00, 0.00
995, -1, 232, 0.00, 0.00, 0.00, 0.00
996, 2, 1000, 0.00, 0.00, 0.00, 0.00
997, -1, 598, 0.00, 0.00, 0.00, 0.00
998, -1, 282, 0.00, 0.00, 0.00, 0.00
999, -1, 876, 0.00, 0.00, 0.00, 0.00
545.71, 268.51, 0.03