Game_ID, Result, num_turns, num_avg_black_nodes, std_black_nodes, num_avg_white_nodes, std_white_nodes
0, -1, 218, 0.00, 0.00, 0.00, 0.00
1, 2, 400, 0.00, 0.00, 0.00, 0.00
2, -1, 162, 0.00, 0.00, 0.00, 0.00
3, 2, 400, 0.00, 0.00, 0.00, 0.00
4, 2, 400, 0.00, 0.00, 0.00, 0.00
5, 2, 400, 0.00, 0.00, 0.00, 0.00
6, 2, 400, 0.00, 0.00, 0.00, 0.00
7, 2, 400, 0.00, 0.00, 0.00, 0.00
8, -1, 368, 0.00, 0.00, 0.00, 0.00
9, 2, 400, 0.00, 0.00, 0.00, 0.00
10, 2, 400, 0.00, 0.00, 0.00, 0.00
11, -1, 208, 0.00, 0.00, 0.00, 0.00
12, 2, 400, 0.00, 0.00, 0.00, 0.00
13, -1, 352, 0.00, 0.00, 0.00, 0.00
14, 2, 400, 0.00, 0.00, 0.00, 0.00
15, 2, 400, 0.00, 0.00, 0.00, 0.00
16, 2, 400, 0.00, 0.00, 0.00, 0.00
17, -1, 350, 0.00, 0.00, 0.00, 0.00
18, 2, 400, 0.00, 0.00, 0.00, 0.00
19, 2, 400, 0.00, 0.00, 0.00, 0.00
20, -1, 238, 0.00, 0.00, 0.00, 0.00
21, 2, 400, 0.00, 0.00, 0.00, 0.00
22, 2, 400, 0.00, 0.00, 0.00, 0.00
23, 1, 347, 0.00, 0.00, 0.00, 0.00
24, -1, 258, 0.00, 0.00, 0.00, 0.00
25, 2, 400, 0.00, 0.00, 0.00, 0.00
26, -1, 400, 0.00, 0.00, 0.00, 0.00
27, 2, 400, 0.00, 0.00, 0.00, 0.00
28, 2, 400, 0.00, 0.00, 0.00, 0.00
29, 2, 400, 0.00, 0.00, 0.00, 0.00
30, 2, 400, 0.00, 0.00, 0.00, 0.00
31, -1, 280, 0.00, 0.00, 0.00, 0.00
32, 2, 400, 0.00, 0.00, 0.00, 0.00
33, 1, 199, 0.00, 0.00, 0.00, 0.00
34, 2, 400, 0.00, 0.00, 0.00, 0.00
35, 2, 400, 0.00, 0.00, 0.00, 0.00
36, -1, 378, 0.00, 0.00, 0.00, 0.00
37, -1, 174, 0.00, 0.00, 0.00, 0.00
38, 2, 400, 0.00, 0.00, 0.00, 0.00
39, -1, 122, 0.00, 0.00, 0.00, 0.00
40, 2, 400, 0.00, 0.00, 0.00, 0.00
41, 2, 400, 0.00, 0.00, 0.00, 0.00
42, -1, 384, 0.00, 0.00, 0.00, 0.00
43, -1, 354, 0.00, 0.00, 0.00, 0.00
44, 2, 400, 0.00, 0.00, 0.00, 0.00
45, 2, 400, 0.00, 0.00, 0.00, 0.00
46, -1, 218, 0.00, 0.00, 0.00, 0.00
47, 2, 400, 0.00, 0.00, 0.00, 0.00
48, -1, 162, 0.00, 0.00, 0.00, 0.00
49, -1, 228, 0.00, 0.00, 0.00, 0.00
50, 2, 400, 0.00, 0.00, 0.00, 0.00
51, -1, 394, 0.00, 0.00, 0.00, 0.00
52, 2, 400, 0.00, 0.00, 0.00, 0.00
53, 2, 400, 0.00, 0.00, 0.00, 0.00
54, 2, 400, 0.00, 0.00, 0.00, 0.00
55, 2, 400, 0.00, 0.00, 0.00, 0.00
56, 2, 400, 0.00, 0.00, 0.00, 0.00
57, -1, 192, 0.00, 0.00, 0.00, 0.00
58, 2, 400, 0.00, 0.00, 0.00, 0.00
59, 2, 400, 0.00, 0.00, 0.00, 0.00
60, -1, 306, 0.00, 0.00, 0.00, 0.00
61, -1, 358, 0.00, 0.00, 0.00, 0.00
62, -1, 252, 0.00, 0.00, 0.00, 0.00
63, 2, 400, 0.00, 0.00, 0.00, 0.00
64, -1, 246, 0.00, 0.00, 0.00, 0.00
65, -1, 276, 0.00, 0.00, 0.00, 0.00
66, 2, 400, 0.00, 0.00, 0.00, 0.00
67, -1, 330, 0.00, 0.00, 0.00, 0.00
68, -1, 352, 0.00, 0.00, 0.00, 0.00
69, 2, 400, 0.00, 0.00, 0.00, 0.00
70, -1, 388, 0.00, 0.00, 0.00, 0.00
71, 2, 400, 0.00, 0.00, 0.00, 0.00
72, 2, 400, 0.00, 0.00, 0.00, 0.00
73, -1, 80, 0.00, 0.00, 0.00, 0.00
74, 2, 400, 0.00, 0.00, 0.00, 0.00
75, 2, 400, 0.00, 0.00, 0.00, 0.00
76, -1, 138, 0.00, 0.00, 0.00, 0.00
77, 2, 400, 0.00, 0.00, 0.00, 0.00
78, 2, 400, 0.00, 0.00, 0.00, 0.00
79, 2, 400, 0.00, 0.00, 0.00, 0.00
80, -1, 104, 0.00, 0.00, 0.00, 0.00
81, 2, 400, 0.00, 0.00, 0.00, 0.00
82, -1, 332, 0.00, 0.00, 0.00, 0.00
83, 2, 400, 0.00, 0.00, 0.00, 0.00
84, 2, 400, 0.00, 0.00, 0.00, 0.00
85, 2, 400, 0.00, 0.00, 0.00, 0.00
86, -1, 388, 0.00, 0.00, 0.00, 0.00
87, 2, 400, 0.00, 0.00, 0.00, 0.00
88, 2, 400, 0.00, 0.00, 0.00, 0.00
89, 2, 400, 0.00, 0.00, 0.00, 0.00
90, 2, 400, 0.00, 0.00, 0.00, 0.00
91, 2, 400, 0.00, 0.00, 0.00, 0.00
92, 2, 400, 0.00, 0.00, 0.00, 0.00
93, -1, 358, 0.00, 0.00, 0.00, 0.00
94, -1, 214, 0.00, 0.00, 0.00, 0.00
95, 2, 400, 0.00, 0.00, 0.00, 0.00
96, 2, 400, 0.00, 0.00, 0.00, 0.00
97, -1, 354, 0.00, 0.00, 0.00, 0.00
98, 2, 400, 0.00, 0.00, 0.00, 0.00
99, -1, 388, 0.00, 0.00, 0.00, 0.00
100, -1, 136, 0.00, 0.00, 0.00, 0.00
101, 2, 400, 0.00, 0.00, 0.00, 0.00
102, 2, 400, 0.00, 0.00, 0.00, 0.00
103, -1, 310, 0.00, 0.00, 0.00, 0.00
104, 2, 400, 0.00, 0.00, 0.00, 0.00
105, 2, 400, 0.00, 0.00, 0.00, 0.00
106, -1, 382, 0.00, 0.00, 0.00, 0.00
107, 2, 400, 0.00, 0.00, 0.00, 0.00
108, 2, 400, 0.00, 0.00, 0.00, 0.00
109, -1, 166, 0.00, 0.00, 0.00, 0.00
110, 2, 400, 0.00, 0.00, 0.00, 0.00
111, 2, 400, 0.00, 0.00, 0.00, 0.00
112, -1, 286, 0.00, 0.00, 0.00, 0.00
113, 2, 400, 0.00, 0.00, 0.00, 0.00
114, 2, 400, 0.00, 0.00, 0.00, 0.00
115, -1, 110, 0.00, 0.00, 0.00, 0.00
116, 2, 400, 0.00, 0.00, 0.00, 0.00
117, 2, 400, 0.00, 0.00, 0.00, 0.00
118, -1, 280, 0.00, 0.00, 0.00, 0.00
119, -1, 400, 0.00, 0.00, 0.00, 0.00
120, 2, 400, 0.00, 0.00, 0.00, 0.00
121, 2, 400, 0.00, 0.00, 0.00, 0.00
122, 2, 400, 0.00, 0.00, 0.00, 0.00
123, 2, 400, 0.00, 0.00, 0.00, 0.00
124, -1, 80, 0.00, 0.00, 0.00, 0.00
125, 2, 400, 0.00, 0.00, 0.00, 0.00
126, -1, 208, 0.00, 0.00, 0.00, 0.00
127, -1, 204, 0.00, 0.00, 0.00, 0.00
128, 2, 400, 0.00, 0.00, 0.00, 0.00
129, 2, 400, 0.00, 0.00, 0.00, 0.00
130, 2, 400, 0.00, 0.00, 0.00, 0.00
131, -1, 294, 0.00, 0.00, 0.00, 0.00
132, 2, 400, 0.00, 0.00, 0.00, 0.00
133, -1, 268, 0.00, 0.00, 0.00, 0.00
134, -1, 106, 0.00, 0.00, 0.00, 0.00
135, 2, 400, 0.00, 0.00, 0.00, 0.00
136, 2, 400, 0.00, 0.00, 0.00, 0.00
137, -1, 176, 0.00, 0.00, 0.00, 0.00
138, 2, 400, 0.00, 0.00, 0.00, 0.00
139, -1, 338, 0.00, 0.00, 0.00, 0.00
140, 2, 400, 0.00, 0.00, 0.00, 0.00
141, 2, 400, 0.00, 0.00, 0.00, 0.00
142, 2, 400, 0.00, 0.00, 0.00, 0.00
143, 2, 400, 0.00, 0.00, 0.00, 0.00
144, 2, 400, 0.00, 0.00, 0.00, 0.00
145, 2, 400, 0.00, 0.00, 0.00, 0.00
146, -1, 302, 0.00, 0.00, 0.00, 0.00
147, 2, 400, 0.00, 0.00, 0.00, 0.00
148, 2, 400, 0.00, 0.00, 0.00, 0.00
149, 2, 400, 0.00, 0.00, 0.00, 0.00
150, 2, 400, 0.00, 0.00, 0.00, 0.00
151, 2, 400, 0.00, 0.00, 0.00, 0.00
152, 2, 400, 0.00, 0.00, 0.00, 0.00
153, 2, 400, 0.00, 0.00, 0.00, 0.00
154, 2, 400, 0.00, 0.00, 0.00, 0.00
155, 2, 400, 0.00, 0.00, 0.00, 0.00
156, -1, 260, 0.00, 0.00, 0.00, 0.00
157, -1, 332, 0.00, 0.00, 0.00, 0.00
158, 2, 400, 0.00, 0.00, 0.00, 0.00
159, 2, 400, 0.00, 0.00, 0.00, 0.00
160, 2, 400, 0.00, 0.00, 0.00, 0.00
161, 2, 400, 0.00, 0.00, 0.00, 0.00
162, 2, 400, 0.00, 0.00, 0.00, 0.00
163, 2, 400, 0.00, 0.00, 0.00, 0.00
164, -1, 388, 0.00, 0.00, 0.00, 0.00
165, 2, 400, 0.00, 0.00, 0.00, 0.00
166, 2, 400, 0.00, 0.00, 0.00, 0.00
167, 2, 400, 0.00, 0.00, 0.00, 0.00
168, 2, 400, 0.00, 0.00, 0.00, 0.00
169, 2, 400, 0.00, 0.00, 0.00, 0.00
170, 1, 123, 0.00, 0.00, 0.00, 0.00
171, -1, 304, 0.00, 0.00, 0.00, 0.00
172, 2, 400, 0.00, 0.00, 0.00, 0.00
173, 2, 400, 0.00, 0.00, 0.00, 0.00
174, 2, 400, 0.00, 0.00, 0.00, 0.00
175, 2, 400, 0.00, 0.00, 0.00, 0.00
176, -1, 282, 0.00, 0.00, 0.00, 0.00
177, 2, 400, 0.00, 0.00, 0.00, 0.00
178, 2, 400, 0.00, 0.00, 0.00, 0.00
179, -1, 322, 0.00, 0.00, 0.00, 0.00
180, 2, 400, 0.00, 0.00, 0.00, 0.00
181, 2, 400, 0.00, 0.00, 0.00, 0.00
182, 2, 400, 0.00, 0.00, 0.00, 0.00
183, 2, 400, 0.00, 0.00, 0.00, 0.00
184, -1, 366, 0.00, 0.00, 0.00, 0.00
185, -1, 398, 0.00, 0.00, 0.00, 0.00
186, -1, 384, 0.00, 0.00, 0.00, 0.00
187, -1, 260, 0.00, 0.00, 0.00, 0.00
188, 2, 400, 0.00, 0.00, 0.00, 0.00
189, -1, 122, 0.00, 0.00, 0.00, 0.00
190, 2, 400, 0.00, 0.00, 0.00, 0.00
191, -1, 174, 0.00, 0.00, 0.00, 0.00
192, -1, 254, 0.00, 0.00, 0.00, 0.00
193, -1, 320, 0.00, 0.00, 0.00, 0.00
194, 2, 400, 0.00, 0.00, 0.00, 0.00
195, -1, 390, 0.00, 0.00, 0.00, 0.00
196, -1, 394, 0.00, 0.00, 0.00, 0.00
197, -1, 258, 0.00, 0.00, 0.00, 0.00
198, 2, 400, 0.00, 0.00, 0.00, 0.00
199, 2, 400, 0.00, 0.00, 0.00, 0.00
200, 2, 400, 0.00, 0.00, 0.00, 0.00
201, -1, 206, 0.00, 0.00, 0.00, 0.00
202, 2, 400, 0.00, 0.00, 0.00, 0.00
203, -1, 388, 0.00, 0.00, 0.00, 0.00
204, -1, 292, 0.00, 0.00, 0.00, 0.00
205, 2, 400, 0.00, 0.00, 0.00, 0.00
206, 2, 400, 0.00, 0.00, 0.00, 0.00
207, 2, 400, 0.00, 0.00, 0.00, 0.00
208, 2, 400, 0.00, 0.00, 0.00, 0.00
209, 2, 400, 0.00, 0.00, 0.00, 0.00
210, 2, 400, 0.00, 0.00, 0.00, 0.00
211, 2, 400, 0.00, 0.00, 0.00, 0.00
212, 2, 400, 0.00, 0.00, 0.00, 0.00
213, 2, 400, 0.00, 0.00, 0.00, 0.00
214, 2, 400, 0.00, 0.00, 0.00, 0.00
215, 2, 400, 0.00, 0.00, 0.00, 0.00
216, 2, 400, 0.00, 0.00, 0.00, 0.00
217, 2, 400, 0.00, 0.00, 0.00, 0.00
218, -1, 84, 0.00, 0.00, 0.00, 0.00
219, -1, 394, 0.00, 0.00, 0.00, 0.00
220, 2, 400, 0.00, 0.00, 0.00, 0.00
221, 2, 400, 0.00, 0.00, 0.00, 0.00
222, -1, 232, 0.00, 0.00, 0.00, 0.00
223, -1, 290, 0.00, 0.00, 0.00, 0.00
224, 2, 400, 0.00, 0.00, 0.00, 0.00
225, 2, 400, 0.00, 0.00, 0.00, 0.00
226, 2, 400, 0.00, 0.00, 0.00, 0.00
227, 2, 400, 0.00, 0.00, 0.00, 0.00
228, 1, 323, 0.00, 0.00, 0.00, 0.00
229, 2, 400, 0.00, 0.00, 0.00, 0.00
230, 2, 400, 0.00, 0.00, 0.00, 0.00
231, 2, 400, 0.00, 0.00, 0.00, 0.00
232, -1, 368, 0.00, 0.00, 0.00, 0.00
233, 2, 400, 0.00, 0.00, 0.00, 0.00
234, -1, 130, 0.00, 0.00, 0.00, 0.00
235, 2, 400, 0.00, 0.00, 0.00, 0.00
236, -1, 240, 0.00, 0.00, 0.00, 0.00
237, -1, 330, 0.00, 0.00, 0.00, 0.00
238, 2, 400, 0.00, 0.00, 0.00, 0.00
239, 2, 400, 0.00, 0.00, 0.00, 0.00
240, 2, 400, 0.00, 0.00, 0.00, 0.00
241, 2, 400, 0.00, 0.00, 0.00, 0.00
242, 2, 400, 0.00, 0.00, 0.00, 0.00
243, 2, 400, 0.00, 0.00, 0.00, 0.00
244, 2, 400, 0.00, 0.00, 0.00, 0.00
245, 2, 400, 0.00, 0.00, 0.00, 0.00
246, 2, 400, 0.00, 0.00, 0.00, 0.00
247, -1, 200, 0.00, 0.00, 0.00, 0.00
248, -1, 244, 0.00, 0.00, 0.00, 0.00
249, 2, 400, 0.00, 0.00, 0.00, 0.00
250, -1, 302, 0.00, 0.00, 0.00, 0.00
251, -1, 400, 0.00, 0.00, 0.00, 0.00
252, 2, 400, 0.00, 0.00, 0.00, 0.00
253, 2, 400, 0.00, 0.00, 0.00, 0.00
254, -1, 196, 0.00, 0.00, 0.00, 0.00
255, 2, 400, 0.00, 0.00, 0.00, 0.00
256, 2, 400, 0.00, 0.00, 0.00, 0.00
257, 2, 400, 0.00, 0.00, 0.00, 0.00
258, 2, 400, 0.00, 0.00, 0.00, 0.00
259, 2, 400, 0.00, 0.00, 0.00, 0.00
260, -1, 336, 0.00, 0.00, 0.00, 0.00
261, 2, 400, 0.00, 0.00, 0.00, 0.00
262, 2, 400, 0.00, 0.00, 0.00, 0.00
263, -1, 176, 0.00, 0.00, 0.00, 0.00
264, -1, 370, 0.00, 0.00, 0.00, 0.00
265, 2, 400, 0.00, 0.00, 0.00, 0.00
266, -1, 238, 0.00, 0.00, 0.00, 0.00
267, 2, 400, 0.00, 0.00, 0.00, 0.00
268, -1, 310, 0.00, 0.00, 0.00, 0.00
269, 2, 400, 0.00, 0.00, 0.00, 0.00
270, -1, 124, 0.00, 0.00, 0.00, 0.00
271, 2, 400, 0.00, 0.00, 0.00, 0.00
272, 2, 400, 0.00, 0.00, 0.00, 0.00
273, -1, 208, 0.00, 0.00, 0.00, 0.00
274, 2, 400, 0.00, 0.00, 0.00, 0.00
275, 2, 400, 0.00, 0.00, 0.00, 0.00
276, 2, 400, 0.00, 0.00, 0.00, 0.00
277, 2, 400, 0.00, 0.00, 0.00, 0.00
278, 2, 400, 0.00, 0.00, 0.00, 0.00
279, 2, 400, 0.00, 0.00, 0.00, 0.00
280, 2, 400, 0.00, 0.00, 0.00, 0.00
281, -1, 296, 0.00, 0.00, 0.00, 0.00
282, 1, 259, 0.00, 0.00, 0.00, 0.00
283, 2, 400, 0.00, 0.00, 0.00, 0.00
284, -1, 272, 0.00, 0.00, 0.00, 0.00
285, 2, 400, 0.00, 0.00, 0.00, 0.00
286, 2, 400, 0.00, 0.00, 0.00, 0.00
287, 2, 400, 0.00, 0.00, 0.00, 0.00
288, 2, 400, 0.00, 0.00, 0.00, 0.00
289, 2, 400, 0.00, 0.00, 0.00, 0.00
290, 2, 400, 0.00, 0.00, 0.00, 0.00
291, 2, 400, 0.00, 0.00, 0.00, 0.00
292, 2, 400, 0.00, 0.00, 0.00, 0.00
293, 1, 207, 0.00, 0.00, 0.00, 0.00
294, 2, 400, 0.00, 0.00, 0.00, 0.00
295, 2, 400, 0.00, 0.00, 0.00, 0.00
296, -1, 118, 0.00, 0.00, 0.00, 0.00
297, 2, 400, 0.00, 0.00, 0.00, 0.00
298, 2, 400, 0.00, 0.00, 0.00, 0.00
299, 2, 400, 0.00, 0.00, 0.00, 0.00
300, 2, 400, 0.00, 0.00, 0.00, 0.00
301, -1, 350, 0.00, 0.00, 0.00, 0.00
302, 2, 400, 0.00, 0.00, 0.00, 0.00
303, 2, 400, 0.00, 0.00, 0.00, 0.00
304, 2, 400, 0.00, 0.00, 0.00, 0.00
305, 2, 400, 0.00, 0.00, 0.00, 0.00
306, -1, 292, 0.00, 0.00, 0.00, 0.00
307, 2, 400, 0.00, 0.00, 0.00, 0.00
308, -1, 214, 0.00, 0.00, 0.00, 0.00
309, -1, 380, 0.00, 0.00, 0.00, 0.00
310, 2, 400, 0.00, 0.00, 0.00, 0.00
311, 2, 400, 0.00, 0.00, 0.00, 0.00
312, 2, 400, 0.00, 0.00, 0.00, 0.00
313, -1, 352, 0.00, 0.00, 0.00, 0.00
314, -1, 192, 0.00, 0.00, 0.00, 0.00
315, 2, 400, 0.00, 0.00, 0.00, 0.00
316, -1, 190, 0.00, 0.00, 0.00, 0.00
317, -1, 344, 0.00, 0.00, 0.00, 0.00
318, 2, 400, 0.00, 0.00, 0.00, 0.00
319, 2, 400, 0.00, 0.00, 0.00, 0.00
320, 2, 400, 0.00, 0.00, 0.00, 0.00
321, 2, 400, 0.00, 0.00, 0.00, 0.00
322, 2, 400, 0.00, 0.00, 0.00, 0.00
323, -1, 178, 0.00, 0.00, 0.00, 0.00
324, -1, 102, 0.00, 0.00, 0.00, 0.00
325, 2, 400, 0.00, 0.00, 0.00, 0.00
326, -1, 350, 0.00, 0.00, 0.00, 0.00
327, 2, 400, 0.00, 0.00, 0.00, 0.00
328, -1, 214, 0.00, 0.00, 0.00, 0.00
329, 2, 400, 0.00, 0.00, 0.00, 0.00
330, -1, 134, 0.00, 0.00, 0.00, 0.00
331, -1, 358, 0.00, 0.00, 0.00, 0.00
332, 2, 400, 0.00, 0.00, 0.00, 0.00
333, 2, 400, 0.00, 0.00, 0.00, 0.00
334, -1, 248, 0.00, 0.00, 0.00, 0.00
335, -1, 240, 0.00, 0.00, 0.00, 0.00
336, 2, 400, 0.00, 0.00, 0.00, 0.00
337, -1, 270, 0.00, 0.00, 0.00, 0.00
338, -1, 198, 0.00, 0.00, 0.00, 0.00
339, 2, 400, 0.00, 0.00, 0.00, 0.00
340, -1, 388, 0.00, 0.00, 0.00, 0.00
341, 2, 400, 0.00, 0.00, 0.00, 0.00
342, 2, 400, 0.00, 0.00, 0.00, 0.00
343, 2, 400, 0.00, 0.00, 0.00, 0.00
344, 2, 400, 0.00, 0.00, 0.00, 0.00
345, 2, 400, 0.00, 0.00, 0.00, 0.00
346, 2, 400, 0.00, 0.00, 0.00, 0.00
347, 2, 400, 0.00, 0.00, 0.00, 0.00
348, 2, 400, 0.00, 0.00, 0.00, 0.00
349, 2, 400, 0.00, 0.00, 0.00, 0.00
350, -1, 334, 0.00, 0.00, 0.00, 0.00
351, -1, 190, 0.00, 0.00, 0.00, 0.00
352, 2, 400, 0.00, 0.00, 0.00, 0.00
353, -1, 244, 0.00, 0.00, 0.00, 0.00
354, 2, 400, 0.00, 0.00, 0.00, 0.00
355, -1, 286, 0.00, 0.00, 0.00, 0.00
356, 2, 400, 0.00, 0.00, 0.00, 0.00
357, 2, 400, 0.00, 0.00, 0.00, 0.00
358, 2, 400, 0.00, 0.00, 0.00, 0.00
359, 2, 400, 0.00, 0.00, 0.00, 0.00
360, 2, 400, 0.00, 0.00, 0.00, 0.00
361, 2, 400, 0.00, 0.00, 0.00, 0.00
362, 2, 400, 0.00, 0.00, 0.00, 0.00
363, 2, 400, 0.00, 0.00, 0.00, 0.00
364, 2, 400, 0.00, 0.00, 0.00, 0.00
365, -1, 368, 0.00, 0.00, 0.00, 0.00
366, 1, 251, 0.00, 0.00, 0.00, 0.00
367, -1, 234, 0.00, 0.00, 0.00, 0.00
368, 2, 400, 0.00, 0.00, 0.00, 0.00
369, -1, 212, 0.00, 0.00, 0.00, 0.00
370, 2, 400, 0.00, 0.00, 0.00, 0.00
371, -1, 304, 0.00, 0.00, 0.00, 0.00
372, 2, 400, 0.00, 0.00, 0.00, 0.00
373, 2, 400, 0.00, 0.00, 0.00, 0.00
374, 2, 400, 0.00, 0.00, 0.00, 0.00
375, -1, 382, 0.00, 0.00, 0.00, 0.00
376, 2, 400, 0.00, 0.00, 0.00, 0.00
377, 1, 285, 0.00, 0.00, 0.00, 0.00
378, 2, 400, 0.00, 0.00, 0.00, 0.00
379, -1, 186, 0.00, 0.00, 0.00, 0.00
380, 2, 400, 0.00, 0.00, 0.00, 0.00
381, 2, 400, 0.00, 0.00, 0.00, 0.00
382, 2, 400, 0.00, 0.00, 0.00, 0.00
383, 2, 400, 0.00, 0.00, 0.00, 0.00
384, -1, 104, 0.00, 0.00, 0.00, 0.00
385, 2, 400, 0.00, 0.00, 0.00, 0.00
386, 2, 400, 0.00, 0.00, 0.00, 0.00
387, 2, 400, 0.00, 0.00, 0.00, 0.00
388, -1, 274, 0.00, 0.00, 0.00, 0.00
389, 2, 400, 0.00, 0.00, 0.00, 0.00
390, 2, 400, 0.00, 0.00, 0.00, 0.00
391, -1, 188, 0.00, 0.00, 0.00, 0.00
392, -1, 134, 0.00, 0.00, 0.00, 0.00
393, -1, 278, 0.00, 0.00, 0.00, 0.00
394, 2, 400, 0.00, 0.00, 0.00, 0.00
395, -1, 276, 0.00, 0.00, 0.00, 0.00
396, 2, 400, 0.00, 0.00, 0.00, 0.00
397, 2, 400, 0.00, 0.00, 0.00, 0.00
398, 2, 400, 0.00, 0.00, 0.00, 0.00
399, 1, 275, 0.00, 0.00, 0.00, 0.00
400, 2, 400, 0.00, 0.00, 0.00, 0.00
401, -1, 102, 0.00, 0.00, 0.00, 0.00
402, 2, 400, 0.00, 0.00, 0.00, 0.00
403, 2, 400, 0.00, 0.00, 0.00, 0.00
404, 2, 400, 0.00, 0.00, 0.00, 0.00
405, 2, 400, 0.00, 0.00, 0.00, 0.00
406, -1, 126, 0.00, 0.00, 0.00, 0.00
407, 2, 400, 0.00, 0.00, 0.00, 0.00
408, 2, 400, 0.00, 0.00, 0.00, 0.00
409, 2, 400, 0.00, 0.00, 0.00, 0.00
410, -1, 356, 0.00, 0.00, 0.00, 0.00
411, 2, 400, 0.00, 0.00, 0.00, 0.00
412, -1, 212, 0.00, 0.00, 0.00, 0.00
413, 2, 400, 0.00, 0.00, 0.00, 0.00
414, 2, 400, 0.00, 0.00, 0.00, 0.00
415, 2, 400, 0.00, 0.00, 0.00, 0.00
416, 2, 400, 0.00, 0.00, 0.00, 0.00
417, -1, 308, 0.00, 0.00, 0.00, 0.00
418, -1, 318, 0.00, 0.00, 0.00, 0.00
419, 2, 400, 0.00, 0.00, 0.00, 0.00
420, 2, 400, 0.00, 0.00, 0.00, 0.00
421, 2, 400, 0.00, 0.00, 0.00, 0.00
422, -1, 260, 0.00, 0.00, 0.00, 0.00
423, 2, 400, 0.00, 0.00, 0.00, 0.00
424, 2, 400, 0.00, 0.00, 0.00, 0.00
425, 2, 400, 0.00, 0.00, 0.00, 0.00
426, 1, 125, 0.00, 0.00, 0.00, 0.00
427, 2, 400, 0.00, 0.00, 0.00, 0.00
428, 2, 400, 0.00, 0.00, 0.00, 0.00
429, 2, 400, 0.00, 0.00, 0.00, 0.00
430, 2, 400, 0.00, 0.00, 0.00, 0.00
431, 2, 400, 0.00, 0.00, 0.00, 0.00
432, -1, 326, 0.00, 0.00, 0.00, 0.00
433, -1, 278, 0.00, 0.00, 0.00, 0.00
434, 2, 400, 0.00, 0.00, 0.00, 0.00
435, 2, 400, 0.00, 0.00, 0.00, 0.00
436, 2, 400, 0.00, 0.00, 0.00, 0.00
437, 2, 400, 0.00, 0.00, 0.00, 0.00
438, 2, 400, 0.00, 0.00, 0.00, 0.00
439, 2, 400, 0.00, 0.00, 0.00, 0.00
440, 2, 400, 0.00, 0.00, 0.00, 0.00
441, -1, 288, 0.00, 0.00, 0.00, 0.00
442, -1, 358, 0.00, 0.00, 0.00, 0.00
443, 2, 400, 0.00, 0.00, 0.00, 0.00
444, -1, 340, 0.00, 0.00, 0.00, 0.00
445, 2, 400, 0.00, 0.00, 0.00, 0.00
446, 2, 400, 0.00, 0.00, 0.00, 0.00
447, 2, 400, 0.00, 0.00, 0.00, 0.00
448, -1, 172, 0.00, 0.00, 0.00, 0.00
449, -1, 366, 0.00, 0.00, 0.00, 0.00
450, -1, 310, 0.00, 0.00, 0.00, 0.00
451, 2, 400, 0.00, 0.00, 0.00, 0.00
452, -1, 364, 0.00, 0.00, 0.00, 0.00
453, -1, 194, 0.00, 0.00, 0.00, 0.00
454, -1, 166, 0.00, 0.00, 0.00, 0.00
455, 2, 400, 0.00, 0.00, 0.00, 0.00
456, -1, 246, 0.00, 0.00, 0.00, 0.00
457, 2, 400, 0.00, 0.00, 0.00, 0.00
458, 2, 400, 0.00, 0.00, 0.00, 0.00
459, -1, 396, 0.00, 0.00, 0.00, 0.00
460, 2, 400, 0.00, 0.00, 0.00, 0.00
461, 2, 400, 0.00, 0.00, 0.00, 0.00
462, 2, 400, 0.00, 0.00, 0.00, 0.00
463, 2, 400, 0.00, 0.00, 0.00, 0.00
464, -1, 290, 0.00, 0.00, 0.00, 0.00
465, 2, 400, 0.00, 0.00, 0.00, 0.00
466, 2, 400, 0.00, 0.00, 0.00, 0.00
467, 2, 400, 0.00, 0.00, 0.00, 0.00
468, 2, 400, 0.00, 0.00, 0.00, 0.00
469, 2, 400, 0.00, 0.00, 0.00, 0.00
470, 2, 400, 0.00, 0.00, 0.00, 0.00
471, -1, 322, 0.00, 0.00, 0.00, 0.00
472, 2, 400, 0.00, 0.00, 0.00, 0.00
473, 2, 400, 0.00, 0.00, 0.00, 0.00
474, 2, 400, 0.00, 0.00, 0.00, 0.00
475, 1, 269, 0.00, 0.00, 0.00, 0.00
476, 2, 400, 0.00, 0.00, 0.00, 0.00
477, -1, 332, 0.00, 0.00, 0.00, 0.00
478, 2, 400, 0.00, 0.00, 0.00, 0.00
479, -1, 336, 0.00, 0.00, 0.00, 0.00
480, 2, 400, 0.00, 0.00, 0.00, 0.00
481, 2, 400, 0.00, 0.00, 0.00, 0.00
482, 2, 400, 0.00, 0.00, 0.00, 0.00
483, 2, 400, 0.00, 0.00, 0.00, 0.00
484, -1, 200, 0.00, 0.00, 0.00, 0.00
485, 2, 400, 0.00, 0.00, 0.00, 0.00
486, 2, 400, 0.00, 0.00, 0.00, 0.00
487, 2, 400, 0.00, 0.00, 0.00, 0.00
488, 2, 400, 0.00, 0.00, 0.00, 0.00
489, 2, 400, 0.00, 0.00, 0.00, 0.00
490, -1, 342, 0.00, 0.00, 0.00, 0.00
491, 2, 400, 0.00, 0.00, 0.00, 0.00
492, 1, 187, 0.00, 0.00, 0.00, 0.00
493, -1, 306, 0.00, 0.00, 0.00, 0.00
494, 2, 400, 0.00, 0.00, 0.00, 0.00
495, 2, 400, 0.00, 0.00, 0.00, 0.00
496, 2, 400, 0.00, 0.00, 0.00, 0.00
497, 2, 400, 0.00, 0.00, 0.00, 0.00
498, -1, 208, 0.00, 0.00, 0.00, 0.00
499, -1, 196, 0.00, 0.00, 0.00, 0.00
500, 2, 400, 0.00, 0.00, 0.00, 0.00
501, 2, 400, 0.00, 0.00, 0.00, 0.00
502, 2, 400, 0.00, 0.00, 0.00, 0.00
503, 2, 400, 0.00, 0.00, 0.00, 0.00
504, 2, 400, 0.00, 0.00, 0.00, 0.00
505, 2, 400, 0.00, 0.00, 0.00, 0.00
506, -1, 364, 0.00, 0.00, 0.00, 0.00
507, 2, 400, 0.00, 0.00, 0.00, 0.00
508, 2, 400, 0.00, 0.00, 0.00, 0.00
509, -1, 372, 0.00, 0.00, 0.00, 0.00
510, 2, 400, 0.00, 0.00, 0.00, 0.00
511, 2, 400, 0.00, 0.00, 0.00, 0.00
512, 2, 400, 0.00, 0.00, 0.00, 0.00
513, 2, 400, 0.00, 0.00, 0.00, 0.00
514, 2, 400, 0.00, 0.00, 0.00, 0.00
515, 2, 400, 0.00, 0.00, 0.00, 0.00
516, 2, 400, 0.00, 0.00, 0.00, 0.00
517, 2, 400, 0.00, 0.00, 0.00, 0.00
518, 2, 400, 0.00, 0.00, 0.00, 0.00
519, 2, 400, 0.00, 0.00, 0.00, 0.00
520, 2, 400, 0.00, 0.00, 0.00, 0.00
521, -1, 222, 0.00, 0.00, 0.00, 0.00
522, 2, 400, 0.00, 0.00, 0.00, 0.00
523, -1, 272, 0.00, 0.00, 0.00, 0.00
524, 2, 400, 0.00, 0.00, 0.00, 0.00
525, 2, 400, 0.00, 0.00, 0.00, 0.00
526, 2, 400, 0.00, 0.00, 0.00, 0.00
527, -1, 214, 0.00, 0.00, 0.00, 0.00
528, -1, 180, 0.00, 0.00, 0.00, 0.00
529, -1, 194, 0.00, 0.00, 0.00, 0.00
530, 2, 400, 0.00, 0.00, 0.00, 0.00
531, -1, 230, 0.00, 0.00, 0.00, 0.00
532, -1, 88, 0.00, 0.00, 0.00, 0.00
533, 2, 400, 0.00, 0.00, 0.00, 0.00
534, 2, 400, 0.00, 0.00, 0.00, 0.00
535, -1, 110, 0.00, 0.00, 0.00, 0.00
536, 2, 400, 0.00, 0.00, 0.00, 0.00
537, -1, 374, 0.00, 0.00, 0.00, 0.00
538, 2, 400, 0.00, 0.00, 0.00, 0.00
539, -1, 378, 0.00, 0.00, 0.00, 0.00
540, 2, 400, 0.00, 0.00, 0.00, 0.00
541, -1, 290, 0.00, 0.00, 0.00, 0.00
542, 2, 400, 0.00, 0.00, 0.00, 0.00
543, 2, 400, 0.00, 0.00, 0.00, 0.00
544, 2, 400, 0.00, 0.00, 0.00, 0.00
545, 2, 400, 0.00, 0.00, 0.00, 0.00
546, 2, 400, 0.00, 0.00, 0.00, 0.00
547, -1, 132, 0.00, 0.00, 0.00, 0.00
548, 2, 400, 0.00, 0.00, 0.00, 0.00
549, -1, 338, 0.00, 0.00, 0.00, 0.00
550, 2, 400, 0.00, 0.00, 0.00, 0.00
551, 2, 400, 0.00, 0.00, 0.00, 0.00
552, -1, 398, 0.00, 0.00, 0.00, 0.00
553, 2, 400, 0.00, 0.00, 0.00, 0.00
554, 2, 400, 0.00, 0.00, 0.00, 0.00
555, 2, 400, 0.00, 0.00, 0.00, 0.00
556, 2, 400, 0.00, 0.00, 0.00, 0.00
557, -1, 246, 0.00, 0.00, 0.00, 0.00
558, 2, 400, 0.00, 0.00, 0.00, 0.00
559, 2, 400, 0.00, 0.00, 0.00, 0.00
560, -1, 392, 0.00, 0.00, 0.00, 0.00
561, -1, 228, 0.00, 0.00, 0.00, 0.00
562, 2, 400, 0.00, 0.00, 0.00, 0.00
563, 2, 400, 0.00, 0.00, 0.00, 0.00
564, 2, 400, 0.00, 0.00, 0.00, 0.00
565, 2, 400, 0.00, 0.00, 0.00, 0.00
566, 2, 400, 0.00, 0.00, 0.00, 0.00
567, -1, 180, 0.00, 0.00, 0.00, 0.00
568, 2, 400, 0.00, 0.00, 0.00, 0.00
569, -1, 372, 0.00, 0.00, 0.00, 0.00
570, 2, 400, 0.00, 0.00, 0.00, 0.00
571, 2, 400, 0.00, 0.00, 0.00, 0.00
572, -1, 212, 0.00, 0.00, 0.00, 0.00
573, -1, 326, 0.00, 0.00, 0.00, 0.00
574, 2, 400, 0.00, 0.00, 0.00, 0.00
575, 2, 400, 0.00, 0.00, 0.00, 0.00
576, -1, 334, 0.00, 0.00, 0.00, 0.00
577, 2, 400, 0.00, 0.00, 0.00, 0.00
578, 2, 400, 0.00, 0.00, 0.00, 0.00
579, 2, 400, 0.00, 0.00, 0.00, 0.00
580, -1, 304, 0.00, 0.00, 0.00, 0.00
581, 2, 400, 0.00, 0.00, 0.00, 0.00
582, -1, 286, 0.00, 0.00, 0.00, 0.00
583, -1, 322, 0.00, 0.00, 0.00, 0.00
584, 2, 400, 0.00, 0.00, 0.00, 0.00
585, 2, 400, 0.00, 0.00, 0.00, 0.00
586, 2, 400, 0.00, 0.00, 0.00, 0.00
587, 2, 400, 0.00, 0.00, 0.00, 0.00
588, -1, 242, 0.00, 0.00, 0.00, 0.00
589, 2, 400, 0.00, 0.00, 0.00, 0.00
590, 2, 400, 0.00, 0.00, 0.00, 0.00
591, -1, 314, 0.00, 0.00, 0.00, 0.00
592, 2, 400, 0.00, 0.00, 0.00, 0.00
593, 2, 400, 0.00, 0.00, 0.00, 0.00
594, -1, 132, 0.00, 0.00, 0.00, 0.00
595, 2, 400, 0.00, 0.00, 0.00, 0.00
596, 2, 400, 0.00, 0.00, 0.00, 0.00
597, 2, 400, 0.00, 0.00, 0.00, 0.00
598, 2, 400, 0.00, 0.00, 0.00, 0.00
599, 2, 400, 0.00, 0.00, 0.00, 0.00
600, -1, 236, 0.00, 0.00, 0.00, 0.00
601, -1, 194, 0.00, 0.00, 0.00, 0.00
602, -1, 222, 0.00, 0.00, 0.00, 0.00
603, 2, 400, 0.00, 0.00, 0.00, 0.00
604, 2, 400, 0.00, 0.00, 0.00, 0.00
605, 2, 400, 0.00, 0.00, 0.00, 0.00
606, -1, 268, 0.00, 0.00, 0.00, 0.00
607, 1, 109, 0.00, 0.00, 0.00, 0.00
608, 2, 400, 0.00, 0.00, 0.00, 0.00
609, 2, 400, 0.00, 0.00, 0.00, 0.00
610, 2, 400, 0.00, 0.00, 0.00, 0.00
611, -1, 396, 0.00, 0.00, 0.00, 0.00
612, -1, 332, 0.00, 0.00, 0.00, 0.00
613, 2, 400, 0.00, 0.00, 0.00, 0.00
614, 2, 400, 0.00, 0.00, 0.00, 0.00
615, -1, 368, 0.00, 0.00, 0.00, 0.00
616, 2, 400, 0.00, 0.00, 0.00, 0.00
617, -1, 282, 0.00, 0.00, 0.00, 0.00
618, 2, 400, 0.00, 0.00, 0.00, 0.00
619, -1, 288, 0.00, 0.00, 0.00, 0.00
620, -1, 208, 0.00, 0.00, 0.00, 0.00
621, 2, 400, 0.00, 0.00, 0.00, 0.00
622, -1, 310, 0.00, 0.00, 0.00, 0.00
623, -1, 334, 0.00, 0.00, 0.00, 0.00
624, -1, 344, 0.00, 0.00, 0.00, 0.00
625, 2, 400, 0.00, 0.00, 0.00, 0.00
626, -1, 276, 0.00, 0.00, 0.00, 0.00
627, -1, 298, 0.00, 0.00, 0.00, 0.00
628, 2, 400, 0.00, 0.00, 0.00, 0.00
629, -1, 378, 0.00, 0.00, 0.00, 0.00
630, -1, 268, 0.00, 0.00, 0.00, 0.00
631, 2, 400, 0.00, 0.00, 0.00, 0.00
632, 2, 400, 0.00, 0.00, 0.00, 0.00
633, 2, 400, 0.00, 0.00, 0.00, 0.00
634, 2, 400, 0.00, 0.00, 0.00, 0.00
635, 2, 400, 0.00, 0.00, 0.00, 0.00
636, -1, 246, 0.00, 0.00, 0.00, 0.00
637, 2, 400, 0.00, 0.00, 0.00, 0.00
638, -1, 284, 0.00, 0.00, 0.00, 0.00
639, 2, 400, 0.00, 0.00, 0.00, 0.00
640, -1, 204, 0.00, 0.00, 0.00, 0.00
641, 2, 400, 0.00, 0.00, 0.00, 0.00
642, 2, 400, 0.00, 0.00, 0.00, 0.00
643, 2, 400, 0.00, 0.00, 0.00, 0.00
644, 2, 400, 0.00, 0.00, 0.00, 0.00
645, -1, 258, 0.00, 0.00, 0.00, 0.00
646, 2, 400, 0.00, 0.00, 0.00, 0.00
647, 2, 400, 0.00, 0.00, 0.00, 0.00
648, 2, 400, 0.00, 0.00, 0.00, 0.00
649, -1, 330, 0.00, 0.00, 0.00, 0.00
650, 2, 400, 0.00, 0.00, 0.00, 0.00
651, -1, 372, 0.00, 0.00, 0.00, 0.00
652, 2, 400, 0.00, 0.00, 0.00, 0.00
653, 2, 400, 0.00, 0.00, 0.00, 0.00
654, 1, 371, 0.00, 0.00, 0.00, 0.00
655, -1, 150, 0.00, 0.00, 0.00, 0.00
656, 2, 400, 0.00, 0.00, 0.00, 0.00
657, 2, 400, 0.00, 0.00, 0.00, 0.00
658, 2, 400, 0.00, 0.00, 0.00, 0.00
659, -1, 90, 0.00, 0.00, 0.00, 0.00
660, 2, 400, 0.00, 0.00, 0.00, 0.00
661, 2, 400, 0.00, 0.00, 0.00, 0.00
662, 2, 400, 0.00, 0.00, 0.00, 0.00
663, 2, 400, 0.00, 0.00, 0.00, 0.00
664, 2, 400, 0.00, 0.00, 0.00, 0.00
665, 2, 400, 0.00, 0.00, 0.00, 0.00
666, 2, 400, 0.00, 0.00, 0.00, 0.00
667, 2, 400, 0.00, 0.00, 0.00, 0.00
668, -1, 74, 0.00, 0.00, 0.00, 0.00
669, -1, 332, 0.00, 0.00, 0.00, 0.00
670, -1, 396, 0.00, 0.00, 0.00, 0.00
671, -1, 294, 0.00, 0.00, 0.00, 0.00
672, 2, 400, 0.00, 0.00, 0.00, 0.00
673, 2, 400, 0.00, 0.00, 0.00, 0.00
674, -1, 220, 0.00, 0.00, 0.00, 0.00
675, -1, 266, 0.00, 0.00, 0.00, 0.00
676, 2, 400, 0.00, 0.00, 0.00, 0.00
677, -1, 328, 0.00, 0.00, 0.00, 0.00
678, 2, 400, 0.00, 0.00, 0.00, 0.00
679, 2, 400, 0.00, 0.00, 0.00, 0.00
680, 2, 400, 0.00, 0.00, 0.00, 0.00
681, 2, 400, 0.00, 0.00, 0.00, 0.00
682, 2, 400, 0.00, 0.00, 0.00, 0.00
683, 2, 400, 0.00, 0.00, 0.00, 0.00
684, -1, 344, 0.00, 0.00, 0.00, 0.00
685, 2, 400, 0.00, 0.00, 0.00, 0.00
686, 2, 400, 0.00, 0.00, 0.00, 0.00
687, 2, 400, 0.00, 0.00, 0.00, 0.00
688, 2, 400, 0.00, 0.00, 0.00, 0.00
689, 2, 400, 0.00, 0.00, 0.00, 0.00
690, 2, 400, 0.00, 0.00, 0.00, 0.00
691, -1, 328, 0.00, 0.00, 0.00, 0.00
692, -1, 174, 0.00, 0.00, 0.00, 0.00
693, 2, 400, 0.00, 0.00, 0.00, 0.00
694, -1, 234, 0.00, 0.00, 0.00, 0.00
695, -1, 366, 0.00, 0.00, 0.00, 0.00
696, -1, 334, 0.00, 0.00, 0.00, 0.00
697, -1, 272, 0.00, 0.00, 0.00, 0.00
698, 2, 400, 0.00, 0.00, 0.00, 0.00
699, 2, 400, 0.00, 0.00, 0.00, 0.00
700, 2, 400, 0.00, 0.00, 0.00, 0.00
701, 2, 400, 0.00, 0.00, 0.00, 0.00
702, 2, 400, 0.00, 0.00, 0.00, 0.00
703, -1, 298, 0.00, 0.00, 0.00, 0.00
704, 2, 400, 0.00, 0.00, 0.00, 0.00
705, 2, 400, 0.00, 0.00, 0.00, 0.00
706, 2, 400, 0.00, 0.00, 0.00, 0.00
707, -1, 222, 0.00, 0.00, 0.00, 0.00
708, -1, 226, 0.00, 0.00, 0.00, 0.00
709, 2, 400, 0.00, 0.00, 0.00, 0.00
710, -1, 306, 0.00, 0.00, 0.00, 0.00
711, 2, 400, 0.00, 0.00, 0.00, 0.00
712, 2, 400, 0.00, 0.00, 0.00, 0.00
713, 2, 400, 0.00, 0.00, 0.00, 0.00
714, 2, 400, 0.00, 0.00, 0.00, 0.00
715, 2, 400, 0.00, 0.00, 0.00, 0.00
716, -1, 330, 0.00, 0.00, 0.00, 0.00
717, -1, 250, 0.00, 0.00, 0.00, 0.00
718, -1, 122, 0.00, 0.00, 0.00, 0.00
719, -1, 230, 0.00, 0.00, 0.00, 0.00
720, -1, 334, 0.00, 0.00, 0.00, 0.00
721, 2, 400, 0.00, 0.00, 0.00, 0.00
722, -1, 296, 0.00, 0.00, 0.00, 0.00
723, 2, 400, 0.00, 0.00, 0.00, 0.00
724, 2, 400, 0.00, 0.00, 0.00, 0.00
725, 2, 400, 0.00, 0.00, 0.00, 0.00
726, 2, 400, 0.00, 0.00, 0.00, 0.00
727, 1, 141, 0.00, 0.00, 0.00, 0.00
728, -1, 400, 0.00, 0.00, 0.00, 0.00
729, 2, 400, 0.00, 0.00, 0.00, 0.00
730, -1, 328, 0.00, 0.00, 0.00, 0.00
731, -1, 160, 0.00, 0.00, 0.00, 0.00
732, -1, 254, 0.00, 0.00, 0.00, 0.00
733, 2, 400, 0.00, 0.00, 0.00, 0.00
734, -1, 394, 0.00, 0.00, 0.00, 0.00
735, -1, 270, 0.00, 0.00, 0.00, 0.00
736, 2, 400, 0.00, 0.00, 0.00, 0.00
737, -1, 328, 0.00, 0.00, 0.00, 0.00
738, 2, 400, 0.00, 0.00, 0.00, 0.00
739, 2, 400, 0.00, 0.00, 0.00, 0.00
740, 2, 400, 0.00, 0.00, 0.00, 0.00
741, 2, 400, 0.00, 0.00, 0.00, 0.00
742, 2, 400, 0.00, 0.00, 0.00, 0.00
743, 2, 400, 0.00, 0.00, 0.00, 0.00
744, -1, 226, 0.00, 0.00, 0.00, 0.00
745, 2, 400, 0.00, 0.00, 0.00, 0.00
746, -1, 296, 0.00, 0.00, 0.00, 0.00
747, -1, 274, 0.00, 0.00, 0.00, 0.00
748, -1, 226, 0.00, 0.00, 0.00, 0.00
749, 2, 400, 0.00, 0.00, 0.00, 0.00
750, 2, 400, 0.00, 0.00, 0.00, 0.00
751, 2, 400, 0.00, 0.00, 0.00, 0.00
752, 2, 400, 0.00, 0.00, 0.00, 0.00
753, -1, 286, 0.00, 0.00, 0.00, 0.00
754, 2, 400, 0.00, 0.00, 0.00, 0.00
755, -1, 186, 0.00, 0.00, 0.00, 0.00
756, 2, 400, 0.00, 0.00, 0.00, 0.00
757, 2, 400, 0.00, 0.00, 0.00, 0.00
758, 2, 400, 0.00, 0.00, 0.00, 0.00
759, -1, 204, 0.00, 0.00, 0.00, 0.00
760, 2, 400, 0.00, 0.00, 0.00, 0.00
761, 2, 400, 0.00, 0.00, 0.00, 0.00
762, 2, 400, 0.00, 0.00, 0.00, 0.00
763, 2, 400, 0.00, 0.00, 0.00, 0.00
764, -1, 224, 0.00, 0.00, 0.00, 0.00
765, 2, 400, 0.00, 0.00, 0.00, 0.00
766, 2, 400, 0.00, 0.00, 0.00, 0.00
767, 2, 400, 0.00, 0.00, 0.00, 0.00
768, 2, 400, 0.00, 0.00, 0.00, 0.00
769, 2, 400, 0.00, 0.00, 0.00, 0.00
770, 2, 400, 0.00, 0.00, 0.00, 0.00
771, 2, 400, 0.00, 0.00, 0.00, 0.00
772, -1, 382, 0.00, 0.00, 0.00, 0.00
773, 2, 400, 0.00, 0.00, 0.00, 0.00
774, 2, 400, 0.00, 0.00, 0.00, 0.00
775, -1, 332, 0.00, 0.00, 0.00, 0.00
776, -1, 274, 0.00, 0.00, 0.00, 0.00
777, 2, 400, 0.00, 0.00, 0.00, 0.00
778, 2, 400, 0.00, 0.00, 0.00, 0.00
779, 2, 400, 0.00, 0.00, 0.00, 0.00
780, 2, 400, 0.00, 0.00, 0.00, 0.00
781, -1, 342, 0.00, 0.00, 0.00, 0.00
782, 2, 400, 0.00, 0.00, 0.00, 0.00
783, 2, 400, 0.00, 0.00, 0.00, 0.00
784, 2, 400, 0.00, 0.00, 0.00, 0.00
785, 2, 400, 0.00, 0.00, 0.00, 0.00
786, -1, 200, 0.00, 0.00, 0.00, 0.00
787, 2, 400, 0.00, 0.00, 0.00, 0.00
788, 2, 400, 0.00, 0.00, 0.00, 0.00
789, 2, 400, 0.00, 0.00, 0.00, 0.00
790, 2, 400, 0.00, 0.00, 0.00, 0.00
791, 2, 400, 0.00, 0.00, 0.00, 0.00
792, -1, 272, 0.00, 0.00, 0.00, 0.00
793, 2, 400, 0.00, 0.00, 0.00, 0.00
794, 2, 400, 0.00, 0.00, 0.00, 0.00
795, 2, 400, 0.00, 0.00, 0.00, 0.00
796, 2, 400, 0.00, 0.00, 0.00, 0.00
797, 2, 400, 0.00, 0.00, 0.00, 0.00
798, 2, 400, 0.00, 0.00, 0.00, 0.00
799, -1, 166, 0.00, 0.00, 0.00, 0.00
800, 2, 400, 0.00, 0.00, 0.00, 0.00
801, 2, 400, 0.00, 0.00, 0.00, 0.00
802, 2, 400, 0.00, 0.00, 0.00, 0.00
803, 2, 400, 0.00, 0.00, 0.00, 0.00
804, 2, 400, 0.00, 0.00, 0.00, 0.00
805, -1, 228, 0.00, 0.00, 0.00, 0.00
806, -1, 250, 0.00, 0.00, 0.00, 0.00
807, 2, 400, 0.00, 0.00, 0.00, 0.00
808, -1, 186, 0.00, 0.00, 0.00, 0.00
809, 2, 400, 0.00, 0.00, 0.00, 0.00
810, -1, 354, 0.00, 0.00, 0.00, 0.00
811, 2, 400, 0.00, 0.00, 0.00, 0.00
812, 2, 400, 0.00, 0.00, 0.00, 0.00
813, 2, 400, 0.00, 0.00, 0.00, 0.00
814, 2, 400, 0.00, 0.00, 0.00, 0.00
815, 2, 400, 0.00, 0.00, 0.00, 0.00
816, -1, 240, 0.00, 0.00, 0.00, 0.00
817, 2, 400, 0.00, 0.00, 0.00, 0.00
818, -1, 376, 0.00, 0.00, 0.00, 0.00
819, -1, 242, 0.00, 0.00, 0.00, 0.00
820, 2, 400, 0.00, 0.00, 0.00, 0.00
821, 2, 400, 0.00, 0.00, 0.00, 0.00
822, 2, 400, 0.00, 0.00, 0.00, 0.00
823, 2, 400, 0.00, 0.00, 0.00, 0.00
824, 2, 400, 0.00, 0.00, 0.00, 0.00
825, 2, 400, 0.00, 0.00, 0.00, 0.00
826, 2, 400, 0.00, 0.00, 0.00, 0.00
827, 2, 400, 0.00, 0.00, 0.00, 0.00
828, 2, 400, 0.00, 0.00, 0.00, 0.00
829, 2, 400, 0.00, 0.00, 0.00, 0.00
830, 2, 400, 0.00, 0.00, 0.00, 0.00
831, 2, 400, 0.00, 0.00, 0.00, 0.00
832, 2, 400, 0.00, 0.00, 0.00, 0.00
833, 2, 400, 0.00, 0.00, 0.00, 0.00
834, 2, 400, 0.00, 0.00, 0.00, 0.00
835, -1, 286, 0.00, 0.00, 0.00, 0.00
836, 2, 400, 0.00, 0.00, 0.00, 0.00
837, -1, 258, 0.00, 0.00, 0.00, 0.00
838, 2, 400, 0.00, 0.00, 0.00, 0.00
839, 2, 400, 0.00, 0.00, 0.00, 0.00
840, -1, 140, 0.00, 0.00, 0.00, 0.00
841, 2, 400, 0.00, 0.00, 0.00, 0.00
842, 2, 400, 0.00, 0.00, 0.00, 0.00
843, -1, 106, 0.00, 0.00, 0.00, 0.00
844, 2, 400, 0.00, 0.00, 0.00, 0.00
845, 2, 400, 0.00, 0.00, 0.00, 0.00
846, 2, 400, 0.00, 0.00, 0.00, 0.00
847, 2, 400, 0.00, 0.00, 0.00, 0.00
848, 2, 400, 0.00, 0.00, 0.00, 0.00
849, -1, 348, 0.00, 0.00, 0.00, 0.00
850, -1, 368, 0.00, 0.00, 0.00, 0.00
851, 2, 400, 0.00, 0.00, 0.00, 0.00
852, 2, 400, 0.00, 0.00, 0.00, 0.00
853, 2, 400, 0.00, 0.00, 0.00, 0.00
854, -1, 274, 0.00, 0.00, 0.00, 0.00
855, -1, 138, 0.00, 0.00, 0.00, 0.00
856, 2, 400, 0.00, 0.00, 0.00, 0.00
857, 2, 400, 0.00, 0.00, 0.00, 0.00
858, -1, 252, 0.00, 0.00, 0.00, 0.00
859, -1, 344, 0.00, 0.00, 0.00, 0.00
860, -1, 170, 0.00, 0.00, 0.00, 0.00
861, -1, 152, 0.00, 0.00, 0.00, 0.00
862, -1, 204, 0.00, 0.00, 0.00, 0.00
863, 2, 400, 0.00, 0.00, 0.00, 0.00
864, 2, 400, 0.00, 0.00, 0.00, 0.00
865, -1, 208, 0.00, 0.00, 0.00, 0.00
866, 2, 400, 0.00, 0.00, 0.00, 0.00
867, 2, 400, 0.00, 0.00, 0.00, 0.00
868, -1, 140, 0.00, 0.00, 0.00, 0.00
869, 2, 400, 0.00, 0.00, 0.00, 0.00
870, -1, 314, 0.00, 0.00, 0.00, 0.00
871, 2, 400, 0.00, 0.00, 0.00, 0.00
872, 2, 400, 0.00, 0.00, 0.00, 0.00
873, -1, 100, 0.00, 0.00, 0.00, 0.00
874, 2, 400, 0.00, 0.00, 0.00, 0.00
875, -1, 386, 0.00, 0.00, 0.00, 0.00
876, -1, 350, 0.00, 0.00, 0.00, 0.00
877, 2, 400, 0.00, 0.00, 0.00, 0.00
878, 2, 400, 0.00, 0.00, 0.00, 0.00
879, 2, 400, 0.00, 0.00, 0.00, 0.00
880, 2, 400, 0.00, 0.00, 0.00, 0.00
881, 2, 400, 0.00, 0.00, 0.00, 0.00
882, 2, 400, 0.00, 0.00, 0.00, 0.00
883, -1, 234, 0.00, 0.00, 0.00, 0.00
884, -1, 206, 0.00, 0.00, 0.00, 0.00
885, 1, 339, 0.00, 0.00, 0.00, 0.00
886, 2, 400, 0.00, 0.00, 0.00, 0.00
887, 2, 400, 0.00, 0.00, 0.00, 0.00
888, 2, 400, 0.00, 0.00, 0.00, 0.00
889, -1, 224, 0.00, 0.00, 0.00, 0.00
890, 2, 400, 0.00, 0.00, 0.00, 0.00
891, 2, 400, 0.00, 0.00, 0.00, 0.00
892, 2, 400, 0.00, 0.00, 0.00, 0.00
893, 2, 400, 0.00, 0.00, 0.00, 0.00
894, 1, 373, 0.00, 0.00, 0.00, 0.00
895, -1, 292, 0.00, 0.00, 0.00, 0.00
896, -1, 170, 0.00, 0.00, 0.00, 0.00
897, 2, 400, 0.00, 0.00, 0.00, 0.00
898, 2, 400, 0.00, 0.00, 0.00, 0.00
899, -1, 210, 0.00, 0.00, 0.00, 0.00
900, 1, 381, 0.00, 0.00, 0.00, 0.00
901, -1, 278, 0.00, 0.00, 0.00, 0.00
902, 2, 400, 0.00, 0.00, 0.00, 0.00
903, -1, 152, 0.00, 0.00, 0.00, 0.00
904, 2, 400, 0.00, 0.00, 0.00, 0.00
905, 1, 63, 0.00, 0.00, 0.00, 0.00
906, 2, 400, 0.00, 0.00, 0.00, 0.00
907, 2, 400, 0.00, 0.00, 0.00, 0.00
908, 2, 400, 0.00, 0.00, 0.00, 0.00
909, 2, 400, 0.00, 0.00, 0.00, 0.00
910, 2, 400, 0.00, 0.00, 0.00, 0.00
911, 2, 400, 0.00, 0.00, 0.00, 0.00
912, 2, 400, 0.00, 0.00, 0.00, 0.00
913, -1, 304, 0.00, 0.00, 0.00, 0.00
914, 2, 400, 0.00, 0.00, 0.00, 0.00
915, 2, 400, 0.00, 0.00, 0.00, 0.00
916, 2, 400, 0.00, 0.00, 0.00, 0.00
917, 2, 400, 0.00, 0.00, 0.00, 0.00
918, -1, 340, 0.00, 0.00, 0.00, 0.00
919, 2, 400, 0.00, 0.00, 0.00, 0.00
920, 2, 400, 0.00, 0.00, 0.00, 0.00
921, 1, 147, 0.00, 0.00, 0.00, 0.00
922, -1, 262, 0.00, 0.00, 0.00, 0.00
923, 2, 400, 0.00, 0.00, 0.00, 0.00
924, -1, 266, 0.00, 0.00, 0.00, 0.00
925, 2, 400, 0.00, 0.00, 0.00, 0.00
926, 2, 400, 0.00, 0.00, 0.00, 0.00
927, 2, 400, 0.00, 0.00, 0.00, 0.00
928, 1, 185, 0.00, 0.00, 0.00, 0.00
929, -1, 300, 0.00, 0.00, 0.00, 0.00
930, 2, 400, 0.00, 0.00, 0.00, 0.00
931, -1, 264, 0.00, 0.00, 0.00, 0.00
932, -1, 216, 0.00, 0.00, 0.00, 0.00
933, -1, 354, 0.00, 0.00, 0.00, 0.00
934, 2, 400, 0.00, 0.00, 0.00, 0.00
935, 2, 400, 0.00, 0.00, 0.00, 0.00
936, 2, 400, 0.00, 0.00, 0.00, 0.00
937, -1, 338, 0.00, 0.00, 0.00, 0.00
938, 2, 400, 0.00, 0.00, 0.00, 0.00
939, 2, 400, 0.00, 0.00, 0.00, 0.00
940, -1, 330, 0.00, 0.00, 0.00, 0.00
941, 2, 400, 0.00, 0.00, 0.00, 0.00
942, 2, 400, 0.00, 0.00, 0.00, 0.00
943, 2, 400, 0.00, 0.00, 0.00, 0.00
944, 2, 400, 0.00, 0.00, 0.00, 0.00
945, -1, 336, 0.00, 0.00, 0.00, 0.00
946, -1, 228, 0.00, 0.00, 0.00, 0.00
947, 2, 400, 0.00, 0.00, 0.00, 0.00
948, -1, 304, 0.00, 0.00, 0.00, 0.00
949, 2, 400, 0.00, 0.00, 0.00, 0.00
950, 2, 400, 0.00, 0.00, 0.00, 0.00
951, 2, 400, 0.00, 0.00, 0.00, 0.00
952, 2, 400, 0.00, 0.00, 0.00, 0.00
953, -1, 338, 0.00, 0.00, 0.00, 0.00
954, 2, 400, 0.00, 0.00, 0.00, 0.00
955, 2, 400, 0.00, 0.00, 0.00, 0.00
956, 2, 400, 0.00, 0.00, 0.00, 0.00
957, -1, 400, 0.00, 0.00, 0.00, 0.00
958, -1, 386, 0.00, 0.00, 0.00, 0.00
959, -1, 152, 0.00, 0.00, 0.00, 0.00
960, 2, 400, 0.00, 0.00, 0.00, 0.00
961, 2, 400, 0.00, 0.00, 0.00, 0.00
962, -1, 246, 0.00, 0.00, 0.00, 0.00
963, -1, 392, 0.00, 0.00, 0.00, 0.00
964, 2, 400, 0.00, 0.00, 0.00, 0.00
965, 2, 400, 0.00, 0.00, 0.00, 0.00
966, 2, 400, 0.00, 0.00, 0.00, 0.00
967, 2, 400, 0.00, 0.00, 0.00, 0.00
968, 2, 400, 0.00, 0.00, 0.00, 0.00
969, 2, 400, 0.00, 0.00, 0.00, 0.00
970, -1, 346, 0.00, 0.00, 0.00, 0.00
971, -1, 88, 0.00, 0.00, 0.00, 0.00
972, 2, 400, 0.00, 0.00, 0.00, 0.00
973, 2, 400, 0.00, 0.00, 0.00, 0.00
974, -1, 192, 0.00, 0.00, 0.00, 0.00
975, 2, 400, 0.00, 0.00, 0.00, 0.00
976, -1, 324, 0.00, 0.00, 0.00, 0.00
977, 2, 400, 0.00, 0.00, 0.00, 0.00
978, 2, 400, 0.00, 0.00, 0.00, 0.00
979, 2, 400, 0.00, 0.00, 0.00, 0.00
980, 2, 400, 0.00, 0.00, 0.00, 0.00
981, 2, 400, 0.00, 0.00, 0.00, 0.00
982, 2, 400, 0.00, 0.00, 0.00, 0.00
983, 2, 400, 0.00, 0.00, 0.00, 0.00
984, 2, 400, 0.00, 0.00, 0.00, 0.00
985, 1, 321, 0.00, 0.00, 0.00, 0.00
986, -1, 342, 0.00, 0.00, 0.00, 0.00
987, 2, 400, 0.00, 0.00, 0.00, 0.00
988, 2, 400, 0.00, 0.00, 0.00, 0.00
989, 2, 400, 0.00, 0.00, 0.00, 0.00
990, 2, 400, 0.00, 0.00, 0.00, 0.00
991, 2, 400, 0.00, 0.00, 0.00, 0.00
992, 1, 137, 0.00, 0.00, 0.00, 0.00
993, -1, 370, 0.00, 0.00, 0.00, 0.00
994, 2, 400, 0.00, 0.00, 0.00, 0.00
995, -1, 166, 0.00, 0.00, 0.00, 0.00
996, -1, 326, 0.00, 0.00, 0.00, 0.00
997, -1, 64, 0.00, 0.00, 0.00, 0.00
998, 2, 400, 0.00, 0.00, 0.00, 0.00
999, 2, 400, 0.00, 0.00, 0.00, 0.00
353.66, 81.15, 0.02