Game_ID, Result, num_turns, num_avg_black_nodes, std_black_nodes, num_avg_white_nodes, std_white_nodes
0, -1, 78, 47066.21, 7271.51, 0.00, 0.00
1, -1, 38, 50044.26, 9858.22, 0.00, 0.00
2, -1, 34, 48694.76, 10433.85, 0.00, 0.00
3, -1, 28, 50187.21, 11712.94, 0.00, 0.00
4, -1, 26, 49706.46, 12024.52, 0.00, 0.00
5, -1, 28, 48780.00, 11254.49, 0.00, 0.00
6, -1, 24, 48851.17, 11447.83, 0.00, 0.00
7, -1, 28, 49870.14, 11362.93, 0.00, 0.00
8, -1, 56, 41529.36, 12888.07, 0.00, 0.00
9, -1, 18, 27491.11, 9943.30, 0.00, 0.00
35.80, 17.12, 0.00