Game_ID, Result, num_turns, num_avg_black_nodes, std_black_nodes, num_avg_white_nodes, std_white_nodes
0, 2, 500, 0.00, 0.00, 0.00, 0.00
1, -1, 448, 0.00, 0.00, 0.00, 0.00
2, 2, 500, 0.00, 0.00, 0.00, 0.00
3, -1, 180, 0.00, 0.00, 0.00, 0.00
4, 2, 500, 0.00, 0.00, 0.00, 0.00
5, 2, 500, 0.00, 0.00, 0.00, 0.00
6, 2, 500, 0.00, 0.00, 0.00, 0.00
7, -1, 82, 0.00, 0.00, 0.00, 0.00
8, -1, 464, 0.00, 0.00, 0.00, 0.00
9, 2, 500, 0.00, 0.00, 0.00, 0.00
10, -1, 450, 0.00, 0.00, 0.00, 0.00
11, -1, 366, 0.00, 0.00, 0.00, 0.00
12, 2, 500, 0.00, 0.00, 0.00, 0.00
13, 2, 500, 0.00, 0.00, 0.00, 0.00
14, 2, 500, 0.00, 0.00, 0.00, 0.00
15, -1, 456, 0.00, 0.00, 0.00, 0.00
16, 2, 500, 0.00, 0.00, 0.00, 0.00
17, 2, 500, 0.00, 0.00, 0.00, 0.00
18, 2, 500, 0.00, 0.00, 0.00, 0.00
19, -1, 430, 0.00, 0.00, 0.00, 0.00
20, -1, 434, 0.00, 0.00, 0.00, 0.00
21, -1, 414, 0.00, 0.00, 0.00, 0.00
22, 2, 500, 0.00, 0.00, 0.00, 0.00
23, 1, 417, 0.00, 0.00, 0.00, 0.00
24, -1, 456, 0.00, 0.00, 0.00, 0.00
25, -1, 442, 0.00, 0.00, 0.00, 0.00
26, -1, 406, 0.00, 0.00, 0.00, 0.00
27, -1, 288, 0.00, 0.00, 0.00, 0.00
28, 2, 500, 0.00, 0.00, 0.00, 0.00
29, 2, 500, 0.00, 0.00, 0.00, 0.00
30, 2, 500, 0.00, 0.00, 0.00, 0.00
31, 2, 500, 0.00, 0.00, 0.00, 0.00
32, 2, 500, 0.00, 0.00, 0.00, 0.00
33, -1, 282, 0.00, 0.00, 0.00, 0.00
34, -1, 226, 0.00, 0.00, 0.00, 0.00
35, -1, 306, 0.00, 0.00, 0.00, 0.00
36, -1, 362, 0.00, 0.00, 0.00, 0.00
37, 2, 500, 0.00, 0.00, 0.00, 0.00
38, 2, 500, 0.00, 0.00, 0.00, 0.00
39, 2, 500, 0.00, 0.00, 0.00, 0.00
40, 2, 500, 0.00, 0.00, 0.00, 0.00
41, 1, 243, 0.00, 0.00, 0.00, 0.00
42, 2, 500, 0.00, 0.00, 0.00, 0.00
43, -1, 424, 0.00, 0.00, 0.00, 0.00
44, -1, 130, 0.00, 0.00, 0.00, 0.00
45, 2, 500, 0.00, 0.00, 0.00, 0.00
46, -1, 400, 0.00, 0.00, 0.00, 0.00
47, -1, 442, 0.00, 0.00, 0.00, 0.00
48, -1, 444, 0.00, 0.00, 0.00, 0.00
49, 2, 500, 0.00, 0.00, 0.00, 0.00
50, 2, 500, 0.00, 0.00, 0.00, 0.00
51, -1, 262, 0.00, 0.00, 0.00, 0.00
52, -1, 306, 0.00, 0.00, 0.00, 0.00
53, 2, 500, 0.00, 0.00, 0.00, 0.00
54, 2, 500, 0.00, 0.00, 0.00, 0.00
55, 1, 187, 0.00, 0.00, 0.00, 0.00
56, -1, 166, 0.00, 0.00, 0.00, 0.00
57, 2, 500, 0.00, 0.00, 0.00, 0.00
58, 2, 500, 0.00, 0.00, 0.00, 0.00
59, 2, 500, 0.00, 0.00, 0.00, 0.00
60, -1, 328, 0.00, 0.00, 0.00, 0.00
61, -1, 164, 0.00, 0.00, 0.00, 0.00
62, -1, 306, 0.00, 0.00, 0.00, 0.00
63, 2, 500, 0.00, 0.00, 0.00, 0.00
64, -1, 266, 0.00, 0.00, 0.00, 0.00
65, 2, 500, 0.00, 0.00, 0.00, 0.00
66, 1, 449, 0.00, 0.00, 0.00, 0.00
67, 2, 500, 0.00, 0.00, 0.00, 0.00
68, 1, 393, 0.00, 0.00, 0.00, 0.00
69, -1, 128, 0.00, 0.00, 0.00, 0.00
70, 2, 500, 0.00, 0.00, 0.00, 0.00
71, -1, 346, 0.00, 0.00, 0.00, 0.00
72, 2, 500, 0.00, 0.00, 0.00, 0.00
73, 2, 500, 0.00, 0.00, 0.00, 0.00
74, 2, 500, 0.00, 0.00, 0.00, 0.00
75, -1, 340, 0.00, 0.00, 0.00, 0.00
76, -1, 500, 0.00, 0.00, 0.00, 0.00
77, 2, 500, 0.00, 0.00, 0.00, 0.00
78, 2, 500, 0.00, 0.00, 0.00, 0.00
79, -1, 286, 0.00, 0.00, 0.00, 0.00
80, 2, 500, 0.00, 0.00, 0.00, 0.00
81, 2, 500, 0.00, 0.00, 0.00, 0.00
82, -1, 330, 0.00, 0.00, 0.00, 0.00
83, -1, 484, 0.00, 0.00, 0.00, 0.00
84, -1, 350, 0.00, 0.00, 0.00, 0.00
85, 2, 500, 0.00, 0.00, 0.00, 0.00
86, -1, 464, 0.00, 0.00, 0.00, 0.00
87, -1, 140, 0.00, 0.00, 0.00, 0.00
88, 2, 500, 0.00, 0.00, 0.00, 0.00
89, -1, 220, 0.00, 0.00, 0.00, 0.00
90, 2, 500, 0.00, 0.00, 0.00, 0.00
91, -1, 198, 0.00, 0.00, 0.00, 0.00
92, -1, 362, 0.00, 0.00, 0.00, 0.00
93, -1, 284, 0.00, 0.00, 0.00, 0.00
94, -1, 494, 0.00, 0.00, 0.00, 0.00
95, -1, 166, 0.00, 0.00, 0.00, 0.00
96, -1, 66, 0.00, 0.00, 0.00, 0.00
97, -1, 450, 0.00, 0.00, 0.00, 0.00
98, -1, 162, 0.00, 0.00, 0.00, 0.00
99, -1, 390, 0.00, 0.00, 0.00, 0.00
100, -1, 314, 0.00, 0.00, 0.00, 0.00
101, 2, 500, 0.00, 0.00, 0.00, 0.00
102, 2, 500, 0.00, 0.00, 0.00, 0.00
103, -1, 216, 0.00, 0.00, 0.00, 0.00
104, 2, 500, 0.00, 0.00, 0.00, 0.00
105, 2, 500, 0.00, 0.00, 0.00, 0.00
106, 2, 500, 0.00, 0.00, 0.00, 0.00
107, 1, 283, 0.00, 0.00, 0.00, 0.00
108, 2, 500, 0.00, 0.00, 0.00, 0.00
109, -1, 198, 0.00, 0.00, 0.00, 0.00
110, -1, 446, 0.00, 0.00, 0.00, 0.00
111, -1, 204, 0.00, 0.00, 0.00, 0.00
112, 2, 500, 0.00, 0.00, 0.00, 0.00
113, 2, 500, 0.00, 0.00, 0.00, 0.00
114, -1, 482, 0.00, 0.00, 0.00, 0.00
115, 2, 500, 0.00, 0.00, 0.00, 0.00
116, -1, 278, 0.00, 0.00, 0.00, 0.00
117, 2, 500, 0.00, 0.00, 0.00, 0.00
118, 2, 500, 0.00, 0.00, 0.00, 0.00
119, -1, 286, 0.00, 0.00, 0.00, 0.00
120, -1, 90, 0.00, 0.00, 0.00, 0.00
121, -1, 400, 0.00, 0.00, 0.00, 0.00
122, 2, 500, 0.00, 0.00, 0.00, 0.00
123, 2, 500, 0.00, 0.00, 0.00, 0.00
124, 2, 500, 0.00, 0.00, 0.00, 0.00
125, 2, 500, 0.00, 0.00, 0.00, 0.00
126, -1, 318, 0.00, 0.00, 0.00, 0.00
127, 2, 500, 0.00, 0.00, 0.00, 0.00
128, 2, 500, 0.00, 0.00, 0.00, 0.00
129, -1, 66, 0.00, 0.00, 0.00, 0.00
130, 2, 500, 0.00, 0.00, 0.00, 0.00
131, 2, 500, 0.00, 0.00, 0.00, 0.00
132, 2, 500, 0.00, 0.00, 0.00, 0.00
133, -1, 426, 0.00, 0.00, 0.00, 0.00
134, 2, 500, 0.00, 0.00, 0.00, 0.00
135, -1, 384, 0.00, 0.00, 0.00, 0.00
136, 2, 500, 0.00, 0.00, 0.00, 0.00
137, -1, 428, 0.00, 0.00, 0.00, 0.00
138, 2, 500, 0.00, 0.00, 0.00, 0.00
139, 2, 500, 0.00, 0.00, 0.00, 0.00
140, -1, 88, 0.00, 0.00, 0.00, 0.00
141, 2, 500, 0.00, 0.00, 0.00, 0.00
142, -1, 172, 0.00, 0.00, 0.00, 0.00
143, 1, 161, 0.00, 0.00, 0.00, 0.00
144, 2, 500, 0.00, 0.00, 0.00, 0.00
145, -1, 380, 0.00, 0.00, 0.00, 0.00
146, 2, 500, 0.00, 0.00, 0.00, 0.00
147, 2, 500, 0.00, 0.00, 0.00, 0.00
148, 2, 500, 0.00, 0.00, 0.00, 0.00
149, 2, 500, 0.00, 0.00, 0.00, 0.00
150, 2, 500, 0.00, 0.00, 0.00, 0.00
151, 2, 500, 0.00, 0.00, 0.00, 0.00
152, -1, 476, 0.00, 0.00, 0.00, 0.00
153, -1, 134, 0.00, 0.00, 0.00, 0.00
154, 2, 500, 0.00, 0.00, 0.00, 0.00
155, -1, 300, 0.00, 0.00, 0.00, 0.00
156, -1, 312, 0.00, 0.00, 0.00, 0.00
157, 2, 500, 0.00, 0.00, 0.00, 0.00
158, -1, 392, 0.00, 0.00, 0.00, 0.00
159, -1, 132, 0.00, 0.00, 0.00, 0.00
160, 2, 500, 0.00, 0.00, 0.00, 0.00
161, 2, 500, 0.00, 0.00, 0.00, 0.00
162, -1, 108, 0.00, 0.00, 0.00, 0.00
163, -1, 386, 0.00, 0.00, 0.00, 0.00
164, -1, 334, 0.00, 0.00, 0.00, 0.00
165, 2, 500, 0.00, 0.00, 0.00, 0.00
166, 2, 500, 0.00, 0.00, 0.00, 0.00
167, -1, 248, 0.00, 0.00, 0.00, 0.00
168, -1, 224, 0.00, 0.00, 0.00, 0.00
169, -1, 490, 0.00, 0.00, 0.00, 0.00
170, 2, 500, 0.00, 0.00, 0.00, 0.00
171, 2, 500, 0.00, 0.00, 0.00, 0.00
172, 2, 500, 0.00, 0.00, 0.00, 0.00
173, 2, 500, 0.00, 0.00, 0.00, 0.00
174, 2, 500, 0.00, 0.00, 0.00, 0.00
175, 2, 500, 0.00, 0.00, 0.00, 0.00
176, 2, 500, 0.00, 0.00, 0.00, 0.00
177, -1, 160, 0.00, 0.00, 0.00, 0.00
178, -1, 398, 0.00, 0.00, 0.00, 0.00
179, -1, 382, 0.00, 0.00, 0.00, 0.00
180, 2, 500, 0.00, 0.00, 0.00, 0.00
181, 2, 500, 0.00, 0.00, 0.00, 0.00
182, -1, 102, 0.00, 0.00, 0.00, 0.00
183, 2, 500, 0.00, 0.00, 0.00, 0.00
184, 2, 500, 0.00, 0.00, 0.00, 0.00
185, -1, 296, 0.00, 0.00, 0.00, 0.00
186, -1, 200, 0.00, 0.00, 0.00, 0.00
187, 2, 500, 0.00, 0.00, 0.00, 0.00
188, -1, 220, 0.00, 0.00, 0.00, 0.00
189, 2, 500, 0.00, 0.00, 0.00, 0.00
190, 2, 500, 0.00, 0.00, 0.00, 0.00
191, -1, 468, 0.00, 0.00, 0.00, 0.00
192, 2, 500, 0.00, 0.00, 0.00, 0.00
193, 2, 500, 0.00, 0.00, 0.00, 0.00
194, -1, 384, 0.00, 0.00, 0.00, 0.00
195, 2, 500, 0.00, 0.00, 0.00, 0.00
196, 2, 500, 0.00, 0.00, 0.00, 0.00
197, -1, 426, 0.00, 0.00, 0.00, 0.00
198, -1, 324, 0.00, 0.00, 0.00, 0.00
199, -1, 474, 0.00, 0.00, 0.00, 0.00
200, 2, 500, 0.00, 0.00, 0.00, 0.00
201, 2, 500, 0.00, 0.00, 0.00, 0.00
202, -1, 446, 0.00, 0.00, 0.00, 0.00
203, -1, 314, 0.00, 0.00, 0.00, 0.00
204, -1, 292, 0.00, 0.00, 0.00, 0.00
205, 2, 500, 0.00, 0.00, 0.00, 0.00
206, 2, 500, 0.00, 0.00, 0.00, 0.00
207, 2, 500, 0.00, 0.00, 0.00, 0.00
208, -1, 318, 0.00, 0.00, 0.00, 0.00
209, -1, 478, 0.00, 0.00, 0.00, 0.00
210, -1, 460, 0.00, 0.00, 0.00, 0.00
211, 2, 500, 0.00, 0.00, 0.00, 0.00
212, 2, 500, 0.00, 0.00, 0.00, 0.00
213, -1, 396, 0.00, 0.00, 0.00, 0.00
214, 2, 500, 0.00, 0.00, 0.00, 0.00
215, -1, 224, 0.00, 0.00, 0.00, 0.00
216, 2, 500, 0.00, 0.00, 0.00, 0.00
217, -1, 462, 0.00, 0.00, 0.00, 0.00
218, 2, 500, 0.00, 0.00, 0.00, 0.00
219, 2, 500, 0.00, 0.00, 0.00, 0.00
220, -1, 276, 0.00, 0.00, 0.00, 0.00
221, 2, 500, 0.00, 0.00, 0.00, 0.00
222, -1, 240, 0.00, 0.00, 0.00, 0.00
223, 2, 500, 0.00, 0.00, 0.00, 0.00
224, -1, 362, 0.00, 0.00, 0.00, 0.00
225, 2, 500, 0.00, 0.00, 0.00, 0.00
226, -1, 328, 0.00, 0.00, 0.00, 0.00
227, 2, 500, 0.00, 0.00, 0.00, 0.00
228, 2, 500, 0.00, 0.00, 0.00, 0.00
229, 2, 500, 0.00, 0.00, 0.00, 0.00
230, 2, 500, 0.00, 0.00, 0.00, 0.00
231, -1, 224, 0.00, 0.00, 0.00, 0.00
232, -1, 394, 0.00, 0.00, 0.00, 0.00
233, 2, 500, 0.00, 0.00, 0.00, 0.00
234, 2, 500, 0.00, 0.00, 0.00, 0.00
235, -1, 126, 0.00, 0.00, 0.00, 0.00
236, -1, 398, 0.00, 0.00, 0.00, 0.00
237, -1, 374, 0.00, 0.00, 0.00, 0.00
238, 2, 500, 0.00, 0.00, 0.00, 0.00
239, -1, 102, 0.00, 0.00, 0.00, 0.00
240, 2, 500, 0.00, 0.00, 0.00, 0.00
241, 2, 500, 0.00, 0.00, 0.00, 0.00
242, -1, 312, 0.00, 0.00, 0.00, 0.00
243, -1, 378, 0.00, 0.00, 0.00, 0.00
244, -1, 146, 0.00, 0.00, 0.00, 0.00
245, 2, 500, 0.00, 0.00, 0.00, 0.00
246, 2, 500, 0.00, 0.00, 0.00, 0.00
247, 2, 500, 0.00, 0.00, 0.00, 0.00
248, -1, 376, 0.00, 0.00, 0.00, 0.00
249, -1, 494, 0.00, 0.00, 0.00, 0.00
250, -1, 332, 0.00, 0.00, 0.00, 0.00
251, 2, 500, 0.00, 0.00, 0.00, 0.00
252, -1, 404, 0.00, 0.00, 0.00, 0.00
253, -1, 292, 0.00, 0.00, 0.00, 0.00
254, 2, 500, 0.00, 0.00, 0.00, 0.00
255, -1, 438, 0.00, 0.00, 0.00, 0.00
256, 2, 500, 0.00, 0.00, 0.00, 0.00
257, -1, 244, 0.00, 0.00, 0.00, 0.00
258, -1, 398, 0.00, 0.00, 0.00, 0.00
259, -1, 234, 0.00, 0.00, 0.00, 0.00
260, 2, 500, 0.00, 0.00, 0.00, 0.00
261, -1, 332, 0.00, 0.00, 0.00, 0.00
262, 2, 500, 0.00, 0.00, 0.00, 0.00
263, -1, 450, 0.00, 0.00, 0.00, 0.00
264, 2, 500, 0.00, 0.00, 0.00, 0.00
265, 2, 500, 0.00, 0.00, 0.00, 0.00
266, -1, 356, 0.00, 0.00, 0.00, 0.00
267, 2, 500, 0.00, 0.00, 0.00, 0.00
268, -1, 304, 0.00, 0.00, 0.00, 0.00
269, 1, 435, 0.00, 0.00, 0.00, 0.00
270, -1, 350, 0.00, 0.00, 0.00, 0.00
271, 2, 500, 0.00, 0.00, 0.00, 0.00
272, -1, 204, 0.00, 0.00, 0.00, 0.00
273, 2, 500, 0.00, 0.00, 0.00, 0.00
274, 2, 500, 0.00, 0.00, 0.00, 0.00
275, 2, 500, 0.00, 0.00, 0.00, 0.00
276, 2, 500, 0.00, 0.00, 0.00, 0.00
277, 2, 500, 0.00, 0.00, 0.00, 0.00
278, 2, 500, 0.00, 0.00, 0.00, 0.00
279, -1, 308, 0.00, 0.00, 0.00, 0.00
280, 2, 500, 0.00, 0.00, 0.00, 0.00
281, 2, 500, 0.00, 0.00, 0.00, 0.00
282, 2, 500, 0.00, 0.00, 0.00, 0.00
283, 2, 500, 0.00, 0.00, 0.00, 0.00
284, 2, 500, 0.00, 0.00, 0.00, 0.00
285, -1, 82, 0.00, 0.00, 0.00, 0.00
286, -1, 420, 0.00, 0.00, 0.00, 0.00
287, 2, 500, 0.00, 0.00, 0.00, 0.00
288, 2, 500, 0.00, 0.00, 0.00, 0.00
289, 2, 500, 0.00, 0.00, 0.00, 0.00
290, -1, 490, 0.00, 0.00, 0.00, 0.00
291, -1, 314, 0.00, 0.00, 0.00, 0.00
292, -1, 404, 0.00, 0.00, 0.00, 0.00
293, 2, 500, 0.00, 0.00, 0.00, 0.00
294, 2, 500, 0.00, 0.00, 0.00, 0.00
295, -1, 56, 0.00, 0.00, 0.00, 0.00
296, -1, 116, 0.00, 0.00, 0.00, 0.00
297, -1, 282, 0.00, 0.00, 0.00, 0.00
298, 2, 500, 0.00, 0.00, 0.00, 0.00
299, -1, 168, 0.00, 0.00, 0.00, 0.00
300, -1, 344, 0.00, 0.00, 0.00, 0.00
301, -1, 252, 0.00, 0.00, 0.00, 0.00
302, -1, 370, 0.00, 0.00, 0.00, 0.00
303, 2, 500, 0.00, 0.00, 0.00, 0.00
304, 2, 500, 0.00, 0.00, 0.00, 0.00
305, 2, 500, 0.00, 0.00, 0.00, 0.00
306, 2, 500, 0.00, 0.00, 0.00, 0.00
307, 2, 500, 0.00, 0.00, 0.00, 0.00
308, 2, 500, 0.00, 0.00, 0.00, 0.00
309, 2, 500, 0.00, 0.00, 0.00, 0.00
310, 2, 500, 0.00, 0.00, 0.00, 0.00
311, 2, 500, 0.00, 0.00, 0.00, 0.00
312, 2, 500, 0.00, 0.00, 0.00, 0.00
313, 2, 500, 0.00, 0.00, 0.00, 0.00
314, 2, 500, 0.00, 0.00, 0.00, 0.00
315, -1, 266, 0.00, 0.00, 0.00, 0.00
316, -1, 344, 0.00, 0.00, 0.00, 0.00
317, -1, 488, 0.00, 0.00, 0.00, 0.00
318, -1, 182, 0.00, 0.00, 0.00, 0.00
319, 2, 500, 0.00, 0.00, 0.00, 0.00
320, 2, 500, 0.00, 0.00, 0.00, 0.00
321, 2, 500, 0.00, 0.00, 0.00, 0.00
322, -1, 288, 0.00, 0.00, 0.00, 0.00
323, 2, 500, 0.00, 0.00, 0.00, 0.00
324, 2, 500, 0.00, 0.00, 0.00, 0.00
325, -1, 300, 0.00, 0.00, 0.00, 0.00
326, -1, 362, 0.00, 0.00, 0.00, 0.00
327, 2, 500, 0.00, 0.00, 0.00, 0.00
328, 2, 500, 0.00, 0.00, 0.00, 0.00
329, -1, 378, 0.00, 0.00, 0.00, 0.00
330, -1, 168, 0.00, 0.00, 0.00, 0.00
331, -1, 242, 0.00, 0.00, 0.00, 0.00
332, -1, 436, 0.00, 0.00, 0.00, 0.00
333, -1, 474, 0.00, 0.00, 0.00, 0.00
334, 2, 500, 0.00, 0.00, 0.00, 0.00
335, -1, 456, 0.00, 0.00, 0.00, 0.00
336, -1, 336, 0.00, 0.00, 0.00, 0.00
337, 2, 500, 0.00, 0.00, 0.00, 0.00
338, 2, 500, 0.00, 0.00, 0.00, 0.00
339, -1, 412, 0.00, 0.00, 0.00, 0.00
340, 2, 500, 0.00, 0.00, 0.00, 0.00
341, -1, 424, 0.00, 0.00, 0.00, 0.00
342, -1, 236, 0.00, 0.00, 0.00, 0.00
343, 2, 500, 0.00, 0.00, 0.00, 0.00
344, 2, 500, 0.00, 0.00, 0.00, 0.00
345, 1, 171, 0.00, 0.00, 0.00, 0.00
346, -1, 144, 0.00, 0.00, 0.00, 0.00
347, 2, 500, 0.00, 0.00, 0.00, 0.00
348, 2, 500, 0.00, 0.00, 0.00, 0.00
349, -1, 456, 0.00, 0.00, 0.00, 0.00
350, 2, 500, 0.00, 0.00, 0.00, 0.00
351, 2, 500, 0.00, 0.00, 0.00, 0.00
352, 2, 500, 0.00, 0.00, 0.00, 0.00
353, 2, 500, 0.00, 0.00, 0.00, 0.00
354, -1, 108, 0.00, 0.00, 0.00, 0.00
355, 2, 500, 0.00, 0.00, 0.00, 0.00
356, -1, 452, 0.00, 0.00, 0.00, 0.00
357, 2, 500, 0.00, 0.00, 0.00, 0.00
358, 2, 500, 0.00, 0.00, 0.00, 0.00
359, -1, 130, 0.00, 0.00, 0.00, 0.00
360, -1, 386, 0.00, 0.00, 0.00, 0.00
361, 2, 500, 0.00, 0.00, 0.00, 0.00
362, 2, 500, 0.00, 0.00, 0.00, 0.00
363, 2, 500, 0.00, 0.00, 0.00, 0.00
364, -1, 376, 0.00, 0.00, 0.00, 0.00
365, -1, 412, 0.00, 0.00, 0.00, 0.00
366, 2, 500, 0.00, 0.00, 0.00, 0.00
367, -1, 316, 0.00, 0.00, 0.00, 0.00
368, -1, 176, 0.00, 0.00, 0.00, 0.00
369, 2, 500, 0.00, 0.00, 0.00, 0.00
370, 2, 500, 0.00, 0.00, 0.00, 0.00
371, 2, 500, 0.00, 0.00, 0.00, 0.00
372, -1, 388, 0.00, 0.00, 0.00, 0.00
373, -1, 200, 0.00, 0.00, 0.00, 0.00
374, 2, 500, 0.00, 0.00, 0.00, 0.00
375, 2, 500, 0.00, 0.00, 0.00, 0.00
376, -1, 196, 0.00, 0.00, 0.00, 0.00
377, -1, 496, 0.00, 0.00, 0.00, 0.00
378, 2, 500, 0.00, 0.00, 0.00, 0.00
379, 2, 500, 0.00, 0.00, 0.00, 0.00
380, -1, 490, 0.00, 0.00, 0.00, 0.00
381, -1, 134, 0.00, 0.00, 0.00, 0.00
382, -1, 464, 0.00, 0.00, 0.00, 0.00
383, 2, 500, 0.00, 0.00, 0.00, 0.00
384, 2, 500, 0.00, 0.00, 0.00, 0.00
385, 1, 151, 0.00, 0.00, 0.00, 0.00
386, -1, 470, 0.00, 0.00, 0.00, 0.00
387, 2, 500, 0.00, 0.00, 0.00, 0.00
388, 2, 500, 0.00, 0.00, 0.00, 0.00
389, -1, 270, 0.00, 0.00, 0.00, 0.00
390, 2, 500, 0.00, 0.00, 0.00, 0.00
391, 2, 500, 0.00, 0.00, 0.00, 0.00
392, 2, 500, 0.00, 0.00, 0.00, 0.00
393, 2, 500, 0.00, 0.00, 0.00, 0.00
394, 2, 500, 0.00, 0.00, 0.00, 0.00
395, -1, 330, 0.00, 0.00, 0.00, 0.00
396, -1, 162, 0.00, 0.00, 0.00, 0.00
397, -1, 288, 0.00, 0.00, 0.00, 0.00
398, 2, 500, 0.00, 0.00, 0.00, 0.00
399, -1, 424, 0.00, 0.00, 0.00, 0.00
400, -1, 286, 0.00, 0.00, 0.00, 0.00
401, 2, 500, 0.00, 0.00, 0.00, 0.00
402, -1, 404, 0.00, 0.00, 0.00, 0.00
403, 2, 500, 0.00, 0.00, 0.00, 0.00
404, -1, 242, 0.00, 0.00, 0.00, 0.00
405, -1, 408, 0.00, 0.00, 0.00, 0.00
406, -1, 190, 0.00, 0.00, 0.00, 0.00
407, -1, 274, 0.00, 0.00, 0.00, 0.00
408, -1, 306, 0.00, 0.00, 0.00, 0.00
409, 2, 500, 0.00, 0.00, 0.00, 0.00
410, 2, 500, 0.00, 0.00, 0.00, 0.00
411, 2, 500, 0.00, 0.00, 0.00, 0.00
412, 2, 500, 0.00, 0.00, 0.00, 0.00
413, -1, 246, 0.00, 0.00, 0.00, 0.00
414, -1, 334, 0.00, 0.00, 0.00, 0.00
415, 2, 500, 0.00, 0.00, 0.00, 0.00
416, 2, 500, 0.00, 0.00, 0.00, 0.00
417, -1, 430, 0.00, 0.00, 0.00, 0.00
418, 2, 500, 0.00, 0.00, 0.00, 0.00
419, -1, 394, 0.00, 0.00, 0.00, 0.00
420, 2, 500, 0.00, 0.00, 0.00, 0.00
421, 2, 500, 0.00, 0.00, 0.00, 0.00
422, -1, 142, 0.00, 0.00, 0.00, 0.00
423, -1, 448, 0.00, 0.00, 0.00, 0.00
424, -1, 366, 0.00, 0.00, 0.00, 0.00
425, 2, 500, 0.00, 0.00, 0.00, 0.00
426, -1, 282, 0.00, 0.00, 0.00, 0.00
427, 2, 500, 0.00, 0.00, 0.00, 0.00
428, -1, 228, 0.00, 0.00, 0.00, 0.00
429, 2, 500, 0.00, 0.00, 0.00, 0.00
430, -1, 280, 0.00, 0.00, 0.00, 0.00
431, 2, 500, 0.00, 0.00, 0.00, 0.00
432, 2, 500, 0.00, 0.00, 0.00, 0.00
433, -1, 180, 0.00, 0.00, 0.00, 0.00
434, 2, 500, 0.00, 0.00, 0.00, 0.00
435, 2, 500, 0.00, 0.00, 0.00, 0.00
436, 2, 500, 0.00, 0.00, 0.00, 0.00
437, 2, 500, 0.00, 0.00, 0.00, 0.00
438, -1, 310, 0.00, 0.00, 0.00, 0.00
439, -1, 280, 0.00, 0.00, 0.00, 0.00
440, -1, 382, 0.00, 0.00, 0.00, 0.00
441, 2, 500, 0.00, 0.00, 0.00, 0.00
442, -1, 484, 0.00, 0.00, 0.00, 0.00
443, 2, 500, 0.00, 0.00, 0.00, 0.00
444, -1, 92, 0.00, 0.00, 0.00, 0.00
445, 2, 500, 0.00, 0.00, 0.00, 0.00
446, 2, 500, 0.00, 0.00, 0.00, 0.00
447, 2, 500, 0.00, 0.00, 0.00, 0.00
448, -1, 142, 0.00, 0.00, 0.00, 0.00
449, -1, 382, 0.00, 0.00, 0.00, 0.00
450, 2, 500, 0.00, 0.00, 0.00, 0.00
451, -1, 432, 0.00, 0.00, 0.00, 0.00
452, -1, 130, 0.00, 0.00, 0.00, 0.00
453, -1, 370, 0.00, 0.00, 0.00, 0.00
454, -1, 248, 0.00, 0.00, 0.00, 0.00
455, 2, 500, 0.00, 0.00, 0.00, 0.00
456, -1, 360, 0.00, 0.00, 0.00, 0.00
457, 2, 500, 0.00, 0.00, 0.00, 0.00
458, -1, 280, 0.00, 0.00, 0.00, 0.00
459, -1, 262, 0.00, 0.00, 0.00, 0.00
460, 2, 500, 0.00, 0.00, 0.00, 0.00
461, 2, 500, 0.00, 0.00, 0.00, 0.00
462, -1, 396, 0.00, 0.00, 0.00, 0.00
463, 2, 500, 0.00, 0.00, 0.00, 0.00
464, 2, 500, 0.00, 0.00, 0.00, 0.00
465, 2, 500, 0.00, 0.00, 0.00, 0.00
466, -1, 122, 0.00, 0.00, 0.00, 0.00
467, -1, 332, 0.00, 0.00, 0.00, 0.00
468, 2, 500, 0.00, 0.00, 0.00, 0.00
469, -1, 378, 0.00, 0.00, 0.00, 0.00
470, 2, 500, 0.00, 0.00, 0.00, 0.00
471, -1, 412, 0.00, 0.00, 0.00, 0.00
472, -1, 254, 0.00, 0.00, 0.00, 0.00
473, -1, 286, 0.00, 0.00, 0.00, 0.00
474, 2, 500, 0.00, 0.00, 0.00, 0.00
475, -1, 210, 0.00, 0.00, 0.00, 0.00
476, 2, 500, 0.00, 0.00, 0.00, 0.00
477, 2, 500, 0.00, 0.00, 0.00, 0.00
478, -1, 432, 0.00, 0.00, 0.00, 0.00
479, 2, 500, 0.00, 0.00, 0.00, 0.00
480, -1, 128, 0.00, 0.00, 0.00, 0.00
481, -1, 322, 0.00, 0.00, 0.00, 0.00
482, 2, 500, 0.00, 0.00, 0.00, 0.00
483, -1, 356, 0.00, 0.00, 0.00, 0.00
484, -1, 152, 0.00, 0.00, 0.00, 0.00
485, 2, 500, 0.00, 0.00, 0.00, 0.00
486, 2, 500, 0.00, 0.00, 0.00, 0.00
487, 2, 500, 0.00, 0.00, 0.00, 0.00
488, -1, 272, 0.00, 0.00, 0.00, 0.00
489, 2, 500, 0.00, 0.00, 0.00, 0.00
490, -1, 464, 0.00, 0.00, 0.00, 0.00
491, -1, 292, 0.00, 0.00, 0.00, 0.00
492, 2, 500, 0.00, 0.00, 0.00, 0.00
493, -1, 268, 0.00, 0.00, 0.00, 0.00
494, 2, 500, 0.00, 0.00, 0.00, 0.00
495, -1, 492, 0.00, 0.00, 0.00, 0.00
496, -1, 58, 0.00, 0.00, 0.00, 0.00
497, 2, 500, 0.00, 0.00, 0.00, 0.00
498, 2, 500, 0.00, 0.00, 0.00, 0.00
499, -1, 196, 0.00, 0.00, 0.00, 0.00
500, 2, 500, 0.00, 0.00, 0.00, 0.00
501, 2, 500, 0.00, 0.00, 0.00, 0.00
502, 2, 500, 0.00, 0.00, 0.00, 0.00
503, -1, 308, 0.00, 0.00, 0.00, 0.00
504, 2, 500, 0.00, 0.00, 0.00, 0.00
505, -1, 400, 0.00, 0.00, 0.00, 0.00
506, -1, 180, 0.00, 0.00, 0.00, 0.00
507, 2, 500, 0.00, 0.00, 0.00, 0.00
508, 2, 500, 0.00, 0.00, 0.00, 0.00
509, -1, 72, 0.00, 0.00, 0.00, 0.00
510, 2, 500, 0.00, 0.00, 0.00, 0.00
511, 2, 500, 0.00, 0.00, 0.00, 0.00
512, -1, 420, 0.00, 0.00, 0.00, 0.00
513, 2, 500, 0.00, 0.00, 0.00, 0.00
514, 2, 500, 0.00, 0.00, 0.00, 0.00
515, 2, 500, 0.00, 0.00, 0.00, 0.00
516, 2, 500, 0.00, 0.00, 0.00, 0.00
517, -1, 366, 0.00, 0.00, 0.00, 0.00
518, 2, 500, 0.00, 0.00, 0.00, 0.00
519, 2, 500, 0.00, 0.00, 0.00, 0.00
520, -1, 466, 0.00, 0.00, 0.00, 0.00
521, -1, 342, 0.00, 0.00, 0.00, 0.00
522, -1, 204, 0.00, 0.00, 0.00, 0.00
523, -1, 308, 0.00, 0.00, 0.00, 0.00
524, -1, 432, 0.00, 0.00, 0.00, 0.00
525, 2, 500, 0.00, 0.00, 0.00, 0.00
526, 2, 500, 0.00, 0.00, 0.00, 0.00
527, 2, 500, 0.00, 0.00, 0.00, 0.00
528, 2, 500, 0.00, 0.00, 0.00, 0.00
529, 2, 500, 0.00, 0.00, 0.00, 0.00
530, -1, 138, 0.00, 0.00, 0.00, 0.00
531, 2, 500, 0.00, 0.00, 0.00, 0.00
532, 2, 500, 0.00, 0.00, 0.00, 0.00
533, 2, 500, 0.00, 0.00, 0.00, 0.00
534, -1, 486, 0.00, 0.00, 0.00, 0.00
535, -1, 92, 0.00, 0.00, 0.00, 0.00
536, -1, 168, 0.00, 0.00, 0.00, 0.00
537, -1, 176, 0.00, 0.00, 0.00, 0.00
538, 2, 500, 0.00, 0.00, 0.00, 0.00
539, 2, 500, 0.00, 0.00, 0.00, 0.00
540, 2, 500, 0.00, 0.00, 0.00, 0.00
541, -1, 384, 0.00, 0.00, 0.00, 0.00
542, -1, 188, 0.00, 0.00, 0.00, 0.00
543, 2, 500, 0.00, 0.00, 0.00, 0.00
544, -1, 202, 0.00, 0.00, 0.00, 0.00
545, -1, 232, 0.00, 0.00, 0.00, 0.00
546, 2, 500, 0.00, 0.00, 0.00, 0.00
547, 2, 500, 0.00, 0.00, 0.00, 0.00
548, -1, 478, 0.00, 0.00, 0.00, 0.00
549, 2, 500, 0.00, 0.00, 0.00, 0.00
550, 2, 500, 0.00, 0.00, 0.00, 0.00
551, -1, 158, 0.00, 0.00, 0.00, 0.00
552, -1, 170, 0.00, 0.00, 0.00, 0.00
553, 2, 500, 0.00, 0.00, 0.00, 0.00
554, 1, 197, 0.00, 0.00, 0.00, 0.00
555, 2, 500, 0.00, 0.00, 0.00, 0.00
556, -1, 178, 0.00, 0.00, 0.00, 0.00
557, 2, 500, 0.00, 0.00, 0.00, 0.00
558, 2, 500, 0.00, 0.00, 0.00, 0.00
559, 2, 500, 0.00, 0.00, 0.00, 0.00
560, -1, 316, 0.00, 0.00, 0.00, 0.00
561, -1, 414, 0.00, 0.00, 0.00, 0.00
562, 2, 500, 0.00, 0.00, 0.00, 0.00
563, -1, 440, 0.00, 0.00, 0.00, 0.00
564, 2, 500, 0.00, 0.00, 0.00, 0.00
565, 2, 500, 0.00, 0.00, 0.00, 0.00
566, -1, 184, 0.00, 0.00, 0.00, 0.00
567, 2, 500, 0.00, 0.00, 0.00, 0.00
568, 2, 500, 0.00, 0.00, 0.00, 0.00
569, 2, 500, 0.00, 0.00, 0.00, 0.00
570, -1, 448, 0.00, 0.00, 0.00, 0.00
571, -1, 384, 0.00, 0.00, 0.00, 0.00
572, 2, 500, 0.00, 0.00, 0.00, 0.00
573, 2, 500, 0.00, 0.00, 0.00, 0.00
574, -1, 282, 0.00, 0.00, 0.00, 0.00
575, -1, 308, 0.00, 0.00, 0.00, 0.00
576, 2, 500, 0.00, 0.00, 0.00, 0.00
577, -1, 90, 0.00, 0.00, 0.00, 0.00
578, 2, 500, 0.00, 0.00, 0.00, 0.00
579, -1, 476, 0.00, 0.00, 0.00, 0.00
580, 2, 500, 0.00, 0.00, 0.00, 0.00
581, -1, 100, 0.00, 0.00, 0.00, 0.00
582, 2, 500, 0.00, 0.00, 0.00, 0.00
583, 2, 500, 0.00, 0.00, 0.00, 0.00
584, -1, 490, 0.00, 0.00, 0.00, 0.00
585, -1, 408, 0.00, 0.00, 0.00, 0.00
586, -1, 194, 0.00, 0.00, 0.00, 0.00
587, 2, 500, 0.00, 0.00, 0.00, 0.00
588, 2, 500, 0.00, 0.00, 0.00, 0.00
589, -1, 500, 0.00, 0.00, 0.00, 0.00
590, 2, 500, 0.00, 0.00, 0.00, 0.00
591, -1, 162, 0.00, 0.00, 0.00, 0.00
592, 2, 500, 0.00, 0.00, 0.00, 0.00
593, -1, 390, 0.00, 0.00, 0.00, 0.00
594, 2, 500, 0.00, 0.00, 0.00, 0.00
595, 2, 500, 0.00, 0.00, 0.00, 0.00
596, 2, 500, 0.00, 0.00, 0.00, 0.00
597, 2, 500, 0.00, 0.00, 0.00, 0.00
598, 2, 500, 0.00, 0.00, 0.00, 0.00
599, -1, 166, 0.00, 0.00, 0.00, 0.00
600, 2, 500, 0.00, 0.00, 0.00, 0.00
601, -1, 278, 0.00, 0.00, 0.00, 0.00
602, 2, 500, 0.00, 0.00, 0.00, 0.00
603, 2, 500, 0.00, 0.00, 0.00, 0.00
604, -1, 462, 0.00, 0.00, 0.00, 0.00
605, -1, 440, 0.00, 0.00, 0.00, 0.00
606, -1, 204, 0.00, 0.00, 0.00, 0.00
607, 2, 500, 0.00, 0.00, 0.00, 0.00
608, 2, 500, 0.00, 0.00, 0.00, 0.00
609, -1, 342, 0.00, 0.00, 0.00, 0.00
610, -1, 232, 0.00, 0.00, 0.00, 0.00
611, -1, 428, 0.00, 0.00, 0.00, 0.00
612, -1, 226, 0.00, 0.00, 0.00, 0.00
613, 2, 500, 0.00, 0.00, 0.00, 0.00
614, 2, 500, 0.00, 0.00, 0.00, 0.00
615, -1, 392, 0.00, 0.00, 0.00, 0.00
616, 2, 500, 0.00, 0.00, 0.00, 0.00
617, 1, 321, 0.00, 0.00, 0.00, 0.00
618, -1, 272, 0.00, 0.00, 0.00, 0.00
619, 2, 500, 0.00, 0.00, 0.00, 0.00
620, 2, 500, 0.00, 0.00, 0.00, 0.00
621, 1, 391, 0.00, 0.00, 0.00, 0.00
622, 2, 500, 0.00, 0.00, 0.00, 0.00
623, 2, 500, 0.00, 0.00, 0.00, 0.00
624, 2, 500, 0.00, 0.00, 0.00, 0.00
625, 2, 500, 0.00, 0.00, 0.00, 0.00
626, 2, 500, 0.00, 0.00, 0.00, 0.00
627, -1, 358, 0.00, 0.00, 0.00, 0.00
628, -1, 428, 0.00, 0.00, 0.00, 0.00
629, -1, 370, 0.00, 0.00, 0.00, 0.00
630, 2, 500, 0.00, 0.00, 0.00, 0.00
631, 2, 500, 0.00, 0.00, 0.00, 0.00
632, 2, 500, 0.00, 0.00, 0.00, 0.00
633, 2, 500, 0.00, 0.00, 0.00, 0.00
634, 2, 500, 0.00, 0.00, 0.00, 0.00
635, 2, 500, 0.00, 0.00, 0.00, 0.00
636, -1, 250, 0.00, 0.00, 0.00, 0.00
637, -1, 466, 0.00, 0.00, 0.00, 0.00
638, 2, 500, 0.00, 0.00, 0.00, 0.00
639, 2, 500, 0.00, 0.00, 0.00, 0.00
640, 2, 500, 0.00, 0.00, 0.00, 0.00
641, 2, 500, 0.00, 0.00, 0.00, 0.00
642, 2, 500, 0.00, 0.00, 0.00, 0.00
643, 2, 500, 0.00, 0.00, 0.00, 0.00
644, -1, 276, 0.00, 0.00, 0.00, 0.00
645, 2, 500, 0.00, 0.00, 0.00, 0.00
646, -1, 250, 0.00, 0.00, 0.00, 0.00
647, -1, 462, 0.00, 0.00, 0.00, 0.00
648, -1, 170, 0.00, 0.00, 0.00, 0.00
649, 2, 500, 0.00, 0.00, 0.00, 0.00
650, -1, 358, 0.00, 0.00, 0.00, 0.00
651, -1, 128, 0.00, 0.00, 0.00, 0.00
652, 2, 500, 0.00, 0.00, 0.00, 0.00
653, 2, 500, 0.00, 0.00, 0.00, 0.00
654, 2, 500, 0.00, 0.00, 0.00, 0.00
655, 2, 500, 0.00, 0.00, 0.00, 0.00
656, 2, 500, 0.00, 0.00, 0.00, 0.00
657, 2, 500, 0.00, 0.00, 0.00, 0.00
658, 2, 500, 0.00, 0.00, 0.00, 0.00
659, 2, 500, 0.00, 0.00, 0.00, 0.00
660, 2, 500, 0.00, 0.00, 0.00, 0.00
661, 2, 500, 0.00, 0.00, 0.00, 0.00
662, 2, 500, 0.00, 0.00, 0.00, 0.00
663, -1, 120, 0.00, 0.00, 0.00, 0.00
664, 2, 500, 0.00, 0.00, 0.00, 0.00
665, 1, 133, 0.00, 0.00, 0.00, 0.00
666, 2, 500, 0.00, 0.00, 0.00, 0.00
667, 2, 500, 0.00, 0.00, 0.00, 0.00
668, 2, 500, 0.00, 0.00, 0.00, 0.00
669, 2, 500, 0.00, 0.00, 0.00, 0.00
670, -1, 444, 0.00, 0.00, 0.00, 0.00
671, 2, 500, 0.00, 0.00, 0.00, 0.00
672, 2, 500, 0.00, 0.00, 0.00, 0.00
673, 2, 500, 0.00, 0.00, 0.00, 0.00
674, 2, 500, 0.00, 0.00, 0.00, 0.00
675, 2, 500, 0.00, 0.00, 0.00, 0.00
676, -1, 276, 0.00, 0.00, 0.00, 0.00
677, 2, 500, 0.00, 0.00, 0.00, 0.00
678, 2, 500, 0.00, 0.00, 0.00, 0.00
679, -1, 248, 0.00, 0.00, 0.00, 0.00
680, 2, 500, 0.00, 0.00, 0.00, 0.00
681, 2, 500, 0.00, 0.00, 0.00, 0.00
682, 2, 500, 0.00, 0.00, 0.00, 0.00
683, 2, 500, 0.00, 0.00, 0.00, 0.00
684, -1, 476, 0.00, 0.00, 0.00, 0.00
685, -1, 316, 0.00, 0.00, 0.00, 0.00
686, 2, 500, 0.00, 0.00, 0.00, 0.00
687, 2, 500, 0.00, 0.00, 0.00, 0.00
688, 2, 500, 0.00, 0.00, 0.00, 0.00
689, 2, 500, 0.00, 0.00, 0.00, 0.00
690, -1, 364, 0.00, 0.00, 0.00, 0.00
691, -1, 234, 0.00, 0.00, 0.00, 0.00
692, -1, 226, 0.00, 0.00, 0.00, 0.00
693, -1, 396, 0.00, 0.00, 0.00, 0.00
694, 2, 500, 0.00, 0.00, 0.00, 0.00
695, -1, 338, 0.00, 0.00, 0.00, 0.00
696, 2, 500, 0.00, 0.00, 0.00, 0.00
697, -1, 314, 0.00, 0.00, 0.00, 0.00
698, 2, 500, 0.00, 0.00, 0.00, 0.00
699, -1, 272, 0.00, 0.00, 0.00, 0.00
700, 2, 500, 0.00, 0.00, 0.00, 0.00
701, -1, 234, 0.00, 0.00, 0.00, 0.00
702, 2, 500, 0.00, 0.00, 0.00, 0.00
703, -1, 464, 0.00, 0.00, 0.00, 0.00
704, 2, 500, 0.00, 0.00, 0.00, 0.00
705, -1, 432, 0.00, 0.00, 0.00, 0.00
706, -1, 450, 0.00, 0.00, 0.00, 0.00
707, -1, 306, 0.00, 0.00, 0.00, 0.00
708, 2, 500, 0.00, 0.00, 0.00, 0.00
709, 2, 500, 0.00, 0.00, 0.00, 0.00
710, 2, 500, 0.00, 0.00, 0.00, 0.00
711, 2, 500, 0.00, 0.00, 0.00, 0.00
712, 2, 500, 0.00, 0.00, 0.00, 0.00
713, -1, 276, 0.00, 0.00, 0.00, 0.00
714, -1, 198, 0.00, 0.00, 0.00, 0.00
715, 1, 229, 0.00, 0.00, 0.00, 0.00
716, 2, 500, 0.00, 0.00, 0.00, 0.00
717, 2, 500, 0.00, 0.00, 0.00, 0.00
718, 2, 500, 0.00, 0.00, 0.00, 0.00
719, -1, 386, 0.00, 0.00, 0.00, 0.00
720, 2, 500, 0.00, 0.00, 0.00, 0.00
721, 2, 500, 0.00, 0.00, 0.00, 0.00
722, -1, 412, 0.00, 0.00, 0.00, 0.00
723, 2, 500, 0.00, 0.00, 0.00, 0.00
724, -1, 188, 0.00, 0.00, 0.00, 0.00
725, 1, 195, 0.00, 0.00, 0.00, 0.00
726, -1, 452, 0.00, 0.00, 0.00, 0.00
727, 2, 500, 0.00, 0.00, 0.00, 0.00
728, 2, 500, 0.00, 0.00, 0.00, 0.00
729, -1, 328, 0.00, 0.00, 0.00, 0.00
730, -1, 500, 0.00, 0.00, 0.00, 0.00
731, -1, 356, 0.00, 0.00, 0.00, 0.00
732, 2, 500, 0.00, 0.00, 0.00, 0.00
733, 2, 500, 0.00, 0.00, 0.00, 0.00
734, 2, 500, 0.00, 0.00, 0.00, 0.00
735, -1, 290, 0.00, 0.00, 0.00, 0.00
736, -1, 122, 0.00, 0.00, 0.00, 0.00
737, -1, 80, 0.00, 0.00, 0.00, 0.00
738, 2, 500, 0.00, 0.00, 0.00, 0.00
739, -1, 402, 0.00, 0.00, 0.00, 0.00
740, 2, 500, 0.00, 0.00, 0.00, 0.00
741, 2, 500, 0.00, 0.00, 0.00, 0.00
742, -1, 444, 0.00, 0.00, 0.00, 0.00
743, 2, 500, 0.00, 0.00, 0.00, 0.00
744, -1, 412, 0.00, 0.00, 0.00, 0.00
745, 2, 500, 0.00, 0.00, 0.00, 0.00
746, -1, 448, 0.00, 0.00, 0.00, 0.00
747, 2, 500, 0.00, 0.00, 0.00, 0.00
748, 2, 500, 0.00, 0.00, 0.00, 0.00
749, -1, 200, 0.00, 0.00, 0.00, 0.00
750, 2, 500, 0.00, 0.00, 0.00, 0.00
751, -1, 456, 0.00, 0.00, 0.00, 0.00
752, -1, 318, 0.00, 0.00, 0.00, 0.00
753, 2, 500, 0.00, 0.00, 0.00, 0.00
754, 2, 500, 0.00, 0.00, 0.00, 0.00
755, 2, 500, 0.00, 0.00, 0.00, 0.00
756, 2, 500, 0.00, 0.00, 0.00, 0.00
757, 2, 500, 0.00, 0.00, 0.00, 0.00
758, 2, 500, 0.00, 0.00, 0.00, 0.00
759, -1, 428, 0.00, 0.00, 0.00, 0.00
760, 2, 500, 0.00, 0.00, 0.00, 0.00
761, -1, 160, 0.00, 0.00, 0.00, 0.00
762, -1, 414, 0.00, 0.00, 0.00, 0.00
763, -1, 334, 0.00, 0.00, 0.00, 0.00
764, -1, 262, 0.00, 0.00, 0.00, 0.00
765, 2, 500, 0.00, 0.00, 0.00, 0.00
766, 2, 500, 0.00, 0.00, 0.00, 0.00
767, -1, 106, 0.00, 0.00, 0.00, 0.00
768, -1, 204, 0.00, 0.00, 0.00, 0.00
769, -1, 282, 0.00, 0.00, 0.00, 0.00
770, -1, 382, 0.00, 0.00, 0.00, 0.00
771, -1, 232, 0.00, 0.00, 0.00, 0.00
772, 2, 500, 0.00, 0.00, 0.00, 0.00
773, -1, 354, 0.00, 0.00, 0.00, 0.00
774, -1, 388, 0.00, 0.00, 0.00, 0.00
775, 2, 500, 0.00, 0.00, 0.00, 0.00
776, 2, 500, 0.00, 0.00, 0.00, 0.00
777, 2, 500, 0.00, 0.00, 0.00, 0.00
778, 2, 500, 0.00, 0.00, 0.00, 0.00
779, -1, 480, 0.00, 0.00, 0.00, 0.00
780, -1, 314, 0.00, 0.00, 0.00, 0.00
781, 2, 500, 0.00, 0.00, 0.00, 0.00
782, -1, 402, 0.00, 0.00, 0.00, 0.00
783, -1, 334, 0.00, 0.00, 0.00, 0.00
784, 2, 500, 0.00, 0.00, 0.00, 0.00
785, 2, 500, 0.00, 0.00, 0.00, 0.00
786, -1, 214, 0.00, 0.00, 0.00, 0.00
787, -1, 248, 0.00, 0.00, 0.00, 0.00
788, -1, 294, 0.00, 0.00, 0.00, 0.00
789, 2, 500, 0.00, 0.00, 0.00, 0.00
790, -1, 288, 0.00, 0.00, 0.00, 0.00
791, -1, 170, 0.00, 0.00, 0.00, 0.00
792, 2, 500, 0.00, 0.00, 0.00, 0.00
793, -1, 414, 0.00, 0.00, 0.00, 0.00
794, 2, 500, 0.00, 0.00, 0.00, 0.00
795, -1, 350, 0.00, 0.00, 0.00, 0.00
796, -1, 330, 0.00, 0.00, 0.00, 0.00
797, -1, 498, 0.00, 0.00, 0.00, 0.00
798, 2, 500, 0.00, 0.00, 0.00, 0.00
799, 2, 500, 0.00, 0.00, 0.00, 0.00
800, -1, 404, 0.00, 0.00, 0.00, 0.00
801, 2, 500, 0.00, 0.00, 0.00, 0.00
802, -1, 286, 0.00, 0.00, 0.00, 0.00
803, -1, 294, 0.00, 0.00, 0.00, 0.00
804, 2, 500, 0.00, 0.00, 0.00, 0.00
805, -1, 168, 0.00, 0.00, 0.00, 0.00
806, 2, 500, 0.00, 0.00, 0.00, 0.00
807, 2, 500, 0.00, 0.00, 0.00, 0.00
808, -1, 324, 0.00, 0.00, 0.00, 0.00
809, -1, 444, 0.00, 0.00, 0.00, 0.00
810, 1, 149, 0.00, 0.00, 0.00, 0.00
811, -1, 488, 0.00, 0.00, 0.00, 0.00
812, 2, 500, 0.00, 0.00, 0.00, 0.00
813, 2, 500, 0.00, 0.00, 0.00, 0.00
814, -1, 310, 0.00, 0.00, 0.00, 0.00
815, -1, 272, 0.00, 0.00, 0.00, 0.00
816, -1, 376, 0.00, 0.00, 0.00, 0.00
817, -1, 438, 0.00, 0.00, 0.00, 0.00
818, -1, 394, 0.00, 0.00, 0.00, 0.00
819, 2, 500, 0.00, 0.00, 0.00, 0.00
820, -1, 368, 0.00, 0.00, 0.00, 0.00
821, -1, 418, 0.00, 0.00, 0.00, 0.00
822, -1, 402, 0.00, 0.00, 0.00, 0.00
823, -1, 418, 0.00, 0.00, 0.00, 0.00
824, 2, 500, 0.00, 0.00, 0.00, 0.00
825, 2, 500, 0.00, 0.00, 0.00, 0.00
826, -1, 426, 0.00, 0.00, 0.00, 0.00
827, -1, 336, 0.00, 0.00, 0.00, 0.00
828, -1, 92, 0.00, 0.00, 0.00, 0.00
829, 2, 500, 0.00, 0.00, 0.00, 0.00
830, -1, 388, 0.00, 0.00, 0.00, 0.00
831, 2, 500, 0.00, 0.00, 0.00, 0.00
832, -1, 310, 0.00, 0.00, 0.00, 0.00
833, -1, 134, 0.00, 0.00, 0.00, 0.00
834, 2, 500, 0.00, 0.00, 0.00, 0.00
835, 2, 500, 0.00, 0.00, 0.00, 0.00
836, 2, 500, 0.00, 0.00, 0.00, 0.00
837, 1, 173, 0.00, 0.00, 0.00, 0.00
838, 2, 500, 0.00, 0.00, 0.00, 0.00
839, 2, 500, 0.00, 0.00, 0.00, 0.00
840, -1, 152, 0.00, 0.00, 0.00, 0.00
841, 2, 500, 0.00, 0.00, 0.00, 0.00
842, 2, 500, 0.00, 0.00, 0.00, 0.00
843, 2, 500, 0.00, 0.00, 0.00, 0.00
844, -1, 444, 0.00, 0.00, 0.00, 0.00
845, -1, 192, 0.00, 0.00, 0.00, 0.00
846, 2, 500, 0.00, 0.00, 0.00, 0.00
847, 2, 500, 0.00, 0.00, 0.00, 0.00
848, -1, 102, 0.00, 0.00, 0.00, 0.00
849, 2, 500, 0.00, 0.00, 0.00, 0.00
850, -1, 202, 0.00, 0.00, 0.00, 0.00
851, 1, 253, 0.00, 0.00, 0.00, 0.00
852, -1, 222, 0.00, 0.00, 0.00, 0.00
853, -1, 344, 0.00, 0.00, 0.00, 0.00
854, 2, 500, 0.00, 0.00, 0.00, 0.00
855, 2, 500, 0.00, 0.00, 0.00, 0.00
856, -1, 290, 0.00, 0.00, 0.00, 0.00
857, 2, 500, 0.00, 0.00, 0.00, 0.00
858, 2, 500, 0.00, 0.00, 0.00, 0.00
859, -1, 222, 0.00, 0.00, 0.00, 0.00
860, 2, 500, 0.00, 0.00, 0.00, 0.00
861, 2, 500, 0.00, 0.00, 0.00, 0.00
862, 1, 355, 0.00, 0.00, 0.00, 0.00
863, 2, 500, 0.00, 0.00, 0.00, 0.00
864, 2, 500, 0.00, 0.00, 0.00, 0.00
865, -1, 466, 0.00, 0.00, 0.00, 0.00
866, 2, 500, 0.00, 0.00, 0.00, 0.00
867, 2, 500, 0.00, 0.00, 0.00, 0.00
868, -1, 496, 0.00, 0.00, 0.00, 0.00
869, -1, 152, 0.00, 0.00, 0.00, 0.00
870, -1, 382, 0.00, 0.00, 0.00, 0.00
871, -1, 484, 0.00, 0.00, 0.00, 0.00
872, 2, 500, 0.00, 0.00, 0.00, 0.00
873, 2, 500, 0.00, 0.00, 0.00, 0.00
874, 2, 500, 0.00, 0.00, 0.00, 0.00
875, -1, 494, 0.00, 0.00, 0.00, 0.00
876, -1, 304, 0.00, 0.00, 0.00, 0.00
877, 2, 500, 0.00, 0.00, 0.00, 0.00
878, -1, 248, 0.00, 0.00, 0.00, 0.00
879, -1, 288, 0.00, 0.00, 0.00, 0.00
880, 2, 500, 0.00, 0.00, 0.00, 0.00
881, 2, 500, 0.00, 0.00, 0.00, 0.00
882, 2, 500, 0.00, 0.00, 0.00, 0.00
883, -1, 168, 0.00, 0.00, 0.00, 0.00
884, 2, 500, 0.00, 0.00, 0.00, 0.00
885, -1, 150, 0.00, 0.00, 0.00, 0.00
886, -1, 238, 0.00, 0.00, 0.00, 0.00
887, 2, 500, 0.00, 0.00, 0.00, 0.00
888, -1, 370, 0.00, 0.00, 0.00, 0.00
889, -1, 480, 0.00, 0.00, 0.00, 0.00
890, 2, 500, 0.00, 0.00, 0.00, 0.00
891, 2, 500, 0.00, 0.00, 0.00, 0.00
892, 2, 500, 0.00, 0.00, 0.00, 0.00
893, -1, 326, 0.00, 0.00, 0.00, 0.00
894, -1, 316, 0.00, 0.00, 0.00, 0.00
895, -1, 438, 0.00, 0.00, 0.00, 0.00
896, -1, 352, 0.00, 0.00, 0.00, 0.00
897, 2, 500, 0.00, 0.00, 0.00, 0.00
898, 2, 500, 0.00, 0.00, 0.00, 0.00
899, 2, 500, 0.00, 0.00, 0.00, 0.00
900, 2, 500, 0.00, 0.00, 0.00, 0.00
901, -1, 488, 0.00, 0.00, 0.00, 0.00
902, 2, 500, 0.00, 0.00, 0.00, 0.00
903, 2, 500, 0.00, 0.00, 0.00, 0.00
904, -1, 292, 0.00, 0.00, 0.00, 0.00
905, -1, 348, 0.00, 0.00, 0.00, 0.00
906, -1, 262, 0.00, 0.00, 0.00, 0.00
907, 2, 500, 0.00, 0.00, 0.00, 0.00
908, 2, 500, 0.00, 0.00, 0.00, 0.00
909, 2, 500, 0.00, 0.00, 0.00, 0.00
910, 2, 500, 0.00, 0.00, 0.00, 0.00
911, 2, 500, 0.00, 0.00, 0.00, 0.00
912, 2, 500, 0.00, 0.00, 0.00, 0.00
913, -1, 482, 0.00, 0.00, 0.00, 0.00
914, 2, 500, 0.00, 0.00, 0.00, 0.00
915, 2, 500, 0.00, 0.00, 0.00, 0.00
916, -1, 390, 0.00, 0.00, 0.00, 0.00
917, -1, 480, 0.00, 0.00, 0.00, 0.00
918, 2, 500, 0.00, 0.00, 0.00, 0.00
919, -1, 148, 0.00, 0.00, 0.00, 0.00
920, -1, 330, 0.00, 0.00, 0.00, 0.00
921, -1, 64, 0.00, 0.00, 0.00, 0.00
922, 2, 500, 0.00, 0.00, 0.00, 0.00
923, 2, 500, 0.00, 0.00, 0.00, 0.00
924, -1, 208, 0.00, 0.00, 0.00, 0.00
925, 2, 500, 0.00, 0.00, 0.00, 0.00
926, 2, 500, 0.00, 0.00, 0.00, 0.00
927, 2, 500, 0.00, 0.00, 0.00, 0.00
928, 2, 500, 0.00, 0.00, 0.00, 0.00
929, -1, 164, 0.00, 0.00, 0.00, 0.00
930, 2, 500, 0.00, 0.00, 0.00, 0.00
931, 2, 500, 0.00, 0.00, 0.00, 0.00
932, 2, 500, 0.00, 0.00, 0.00, 0.00
933, -1, 152, 0.00, 0.00, 0.00, 0.00
934, -1, 136, 0.00, 0.00, 0.00, 0.00
935, -1, 320, 0.00, 0.00, 0.00, 0.00
936, 2, 500, 0.00, 0.00, 0.00, 0.00
937, -1, 320, 0.00, 0.00, 0.00, 0.00
938, 2, 500, 0.00, 0.00, 0.00, 0.00
939, 2, 500, 0.00, 0.00, 0.00, 0.00
940, 2, 500, 0.00, 0.00, 0.00, 0.00
941, 2, 500, 0.00, 0.00, 0.00, 0.00
942, -1, 226, 0.00, 0.00, 0.00, 0.00
943, 2, 500, 0.00, 0.00, 0.00, 0.00
944, 2, 500, 0.00, 0.00, 0.00, 0.00
945, -1, 280, 0.00, 0.00, 0.00, 0.00
946, 2, 500, 0.00, 0.00, 0.00, 0.00
947, -1, 204, 0.00, 0.00, 0.00, 0.00
948, -1, 240, 0.00, 0.00, 0.00, 0.00
949, -1, 222, 0.00, 0.00, 0.00, 0.00
950, -1, 324, 0.00, 0.00, 0.00, 0.00
951, 2, 500, 0.00, 0.00, 0.00, 0.00
952, 1, 329, 0.00, 0.00, 0.00, 0.00
953, 2, 500, 0.00, 0.00, 0.00, 0.00
954, 2, 500, 0.00, 0.00, 0.00, 0.00
955, -1, 328, 0.00, 0.00, 0.00, 0.00
956, -1, 482, 0.00, 0.00, 0.00, 0.00
957, -1, 452, 0.00, 0.00, 0.00, 0.00
958, -1, 264, 0.00, 0.00, 0.00, 0.00
959, 2, 500, 0.00, 0.00, 0.00, 0.00
960, 2, 500, 0.00, 0.00, 0.00, 0.00
961, -1, 212, 0.00, 0.00, 0.00, 0.00
962, -1, 168, 0.00, 0.00, 0.00, 0.00
963, 2, 500, 0.00, 0.00, 0.00, 0.00
964, 2, 500, 0.00, 0.00, 0.00, 0.00
965, 2, 500, 0.00, 0.00, 0.00, 0.00
966, 2, 500, 0.00, 0.00, 0.00, 0.00
967, 2, 500, 0.00, 0.00, 0.00, 0.00
968, -1, 494, 0.00, 0.00, 0.00, 0.00
969, 2, 500, 0.00, 0.00, 0.00, 0.00
970, -1, 304, 0.00, 0.00, 0.00, 0.00
971, -1, 454, 0.00, 0.00, 0.00, 0.00
972, 2, 500, 0.00, 0.00, 0.00, 0.00
973, -1, 460, 0.00, 0.00, 0.00, 0.00
974, -1, 182, 0.00, 0.00, 0.00, 0.00
975, 2, 500, 0.00, 0.00, 0.00, 0.00
976, -1, 372, 0.00, 0.00, 0.00, 0.00
977, 2, 500, 0.00, 0.00, 0.00, 0.00
978, 2, 500, 0.00, 0.00, 0.00, 0.00
979, -1, 450, 0.00, 0.00, 0.00, 0.00
980, 2, 500, 0.00, 0.00, 0.00, 0.00
981, -1, 372, 0.00, 0.00, 0.00, 0.00
982, -1, 258, 0.00, 0.00, 0.00, 0.00
983, 2, 500, 0.00, 0.00, 0.00, 0.00
984, 2, 500, 0.00, 0.00, 0.00, 0.00
985, -1, 288, 0.00, 0.00, 0.00, 0.00
986, -1, 440, 0.00, 0.00, 0.00, 0.00
987, 2, 500, 0.00, 0.00, 0.00, 0.00
988, 2, 500, 0.00, 0.00, 0.00, 0.00
989, 2, 500, 0.00, 0.00, 0.00, 0.00
990, -1, 108, 0.00, 0.00, 0.00, 0.00
991, 2, 500, 0.00, 0.00, 0.00, 0.00
992, -1, 490, 0.00, 0.00, 0.00, 0.00
993, -1, 314, 0.00, 0.00, 0.00, 0.00
994, -1, 248, 0.00, 0.00, 0.00, 0.00
995, 2, 500, 0.00, 0.00, 0.00, 0.00
996, -1, 426, 0.00, 0.00, 0.00, 0.00
997, 2, 500, 0.00, 0.00, 0.00, 0.00
998, -1, 458, 0.00, 0.00, 0.00, 0.00
999, 2, 500, 0.00, 0.00, 0.00, 0.00
410.86, 123.28, 0.02