Game_ID, Result, num_turns, num_avg_black_nodes, std_black_nodes, num_avg_white_nodes, std_white_nodes
0, 2, 700, 0.00, 0.00, 0.00, 0.00
1, -1, 228, 0.00, 0.00, 0.00, 0.00
2, 2, 700, 0.00, 0.00, 0.00, 0.00
3, -1, 660, 0.00, 0.00, 0.00, 0.00
4, -1, 352, 0.00, 0.00, 0.00, 0.00
5, -1, 516, 0.00, 0.00, 0.00, 0.00
6, -1, 392, 0.00, 0.00, 0.00, 0.00
7, -1, 352, 0.00, 0.00, 0.00, 0.00
8, -1, 232, 0.00, 0.00, 0.00, 0.00
9, 2, 700, 0.00, 0.00, 0.00, 0.00
10, -1, 588, 0.00, 0.00, 0.00, 0.00
11, 2, 700, 0.00, 0.00, 0.00, 0.00
12, -1, 586, 0.00, 0.00, 0.00, 0.00
13, 2, 700, 0.00, 0.00, 0.00, 0.00
14, -1, 206, 0.00, 0.00, 0.00, 0.00
15, -1, 240, 0.00, 0.00, 0.00, 0.00
16, 2, 700, 0.00, 0.00, 0.00, 0.00
17, -1, 274, 0.00, 0.00, 0.00, 0.00
18, 2, 700, 0.00, 0.00, 0.00, 0.00
19, -1, 290, 0.00, 0.00, 0.00, 0.00
20, -1, 158, 0.00, 0.00, 0.00, 0.00
21, 2, 700, 0.00, 0.00, 0.00, 0.00
22, -1, 652, 0.00, 0.00, 0.00, 0.00
23, -1, 550, 0.00, 0.00, 0.00, 0.00
24, -1, 482, 0.00, 0.00, 0.00, 0.00
25, -1, 490, 0.00, 0.00, 0.00, 0.00
26, -1, 516, 0.00, 0.00, 0.00, 0.00
27, -1, 490, 0.00, 0.00, 0.00, 0.00
28, -1, 698, 0.00, 0.00, 0.00, 0.00
29, -1, 292, 0.00, 0.00, 0.00, 0.00
30, -1, 74, 0.00, 0.00, 0.00, 0.00
31, 2, 700, 0.00, 0.00, 0.00, 0.00
32, -1, 304, 0.00, 0.00, 0.00, 0.00
33, 2, 700, 0.00, 0.00, 0.00, 0.00
34, 2, 700, 0.00, 0.00, 0.00, 0.00
35, -1, 162, 0.00, 0.00, 0.00, 0.00
36, -1, 572, 0.00, 0.00, 0.00, 0.00
37, -1, 242, 0.00, 0.00, 0.00, 0.00
38, -1, 406, 0.00, 0.00, 0.00, 0.00
39, -1, 414, 0.00, 0.00, 0.00, 0.00
40, -1, 478, 0.00, 0.00, 0.00, 0.00
41, 2, 700, 0.00, 0.00, 0.00, 0.00
42, 1, 95, 0.00, 0.00, 0.00, 0.00
43, -1, 398, 0.00, 0.00, 0.00, 0.00
44, -1, 326, 0.00, 0.00, 0.00, 0.00
45, -1, 296, 0.00, 0.00, 0.00, 0.00
46, -1, 132, 0.00, 0.00, 0.00, 0.00
47, -1, 452, 0.00, 0.00, 0.00, 0.00
48, 2, 700, 0.00, 0.00, 0.00, 0.00
49, -1, 640, 0.00, 0.00, 0.00, 0.00
50, -1, 400, 0.00, 0.00, 0.00, 0.00
51, -1, 676, 0.00, 0.00, 0.00, 0.00
52, -1, 234, 0.00, 0.00, 0.00, 0.00
53, -1, 258, 0.00, 0.00, 0.00, 0.00
54, -1, 332, 0.00, 0.00, 0.00, 0.00
55, -1, 224, 0.00, 0.00, 0.00, 0.00
56, 2, 700, 0.00, 0.00, 0.00, 0.00
57, -1, 148, 0.00, 0.00, 0.00, 0.00
58, -1, 604, 0.00, 0.00, 0.00, 0.00
59, -1, 700, 0.00, 0.00, 0.00, 0.00
60, -1, 442, 0.00, 0.00, 0.00, 0.00
61, 2, 700, 0.00, 0.00, 0.00, 0.00
62, 2, 700, 0.00, 0.00, 0.00, 0.00
63, -1, 642, 0.00, 0.00, 0.00, 0.00
64, -1, 442, 0.00, 0.00, 0.00, 0.00
65, -1, 512, 0.00, 0.00, 0.00, 0.00
66, 2, 700, 0.00, 0.00, 0.00, 0.00
67, -1, 264, 0.00, 0.00, 0.00, 0.00
68, 2, 700, 0.00, 0.00, 0.00, 0.00
69, 2, 700, 0.00, 0.00, 0.00, 0.00
70, -1, 338, 0.00, 0.00, 0.00, 0.00
71, -1, 134, 0.00, 0.00, 0.00, 0.00
72, -1, 492, 0.00, 0.00, 0.00, 0.00
73, -1, 572, 0.00, 0.00, 0.00, 0.00
74, 2, 700, 0.00, 0.00, 0.00, 0.00
75, -1, 406, 0.00, 0.00, 0.00, 0.00
76, 2, 700, 0.00, 0.00, 0.00, 0.00
77, -1, 130, 0.00, 0.00, 0.00, 0.00
78, 2, 700, 0.00, 0.00, 0.00, 0.00
79, -1, 362, 0.00, 0.00, 0.00, 0.00
80, -1, 370, 0.00, 0.00, 0.00, 0.00
81, -1, 354, 0.00, 0.00, 0.00, 0.00
82, 2, 700, 0.00, 0.00, 0.00, 0.00
83, -1, 280, 0.00, 0.00, 0.00, 0.00
84, 2, 700, 0.00, 0.00, 0.00, 0.00
85, -1, 356, 0.00, 0.00, 0.00, 0.00
86, -1, 112, 0.00, 0.00, 0.00, 0.00
87, 1, 195, 0.00, 0.00, 0.00, 0.00
88, -1, 692, 0.00, 0.00, 0.00, 0.00
89, -1, 460, 0.00, 0.00, 0.00, 0.00
90, 2, 700, 0.00, 0.00, 0.00, 0.00
91, 2, 700, 0.00, 0.00, 0.00, 0.00
92, 2, 700, 0.00, 0.00, 0.00, 0.00
93, -1, 264, 0.00, 0.00, 0.00, 0.00
94, -1, 460, 0.00, 0.00, 0.00, 0.00
95, -1, 348, 0.00, 0.00, 0.00, 0.00
96, 2, 700, 0.00, 0.00, 0.00, 0.00
97, -1, 588, 0.00, 0.00, 0.00, 0.00
98, -1, 472, 0.00, 0.00, 0.00, 0.00
99, 2, 700, 0.00, 0.00, 0.00, 0.00
100, 2, 700, 0.00, 0.00, 0.00, 0.00
101, -1, 294, 0.00, 0.00, 0.00, 0.00
102, 2, 700, 0.00, 0.00, 0.00, 0.00
103, 1, 657, 0.00, 0.00, 0.00, 0.00
104, -1, 438, 0.00, 0.00, 0.00, 0.00
105, -1, 576, 0.00, 0.00, 0.00, 0.00
106, -1, 286, 0.00, 0.00, 0.00, 0.00
107, -1, 278, 0.00, 0.00, 0.00, 0.00
108, -1, 482, 0.00, 0.00, 0.00, 0.00
109, -1, 206, 0.00, 0.00, 0.00, 0.00
110, -1, 390, 0.00, 0.00, 0.00, 0.00
111, -1, 292, 0.00, 0.00, 0.00, 0.00
112, 2, 700, 0.00, 0.00, 0.00, 0.00
113, -1, 448, 0.00, 0.00, 0.00, 0.00
114, -1, 566, 0.00, 0.00, 0.00, 0.00
115, -1, 630, 0.00, 0.00, 0.00, 0.00
116, 1, 115, 0.00, 0.00, 0.00, 0.00
117, -1, 596, 0.00, 0.00, 0.00, 0.00
118, -1, 396, 0.00, 0.00, 0.00, 0.00
119, 2, 700, 0.00, 0.00, 0.00, 0.00
120, -1, 564, 0.00, 0.00, 0.00, 0.00
121, -1, 640, 0.00, 0.00, 0.00, 0.00
122, -1, 306, 0.00, 0.00, 0.00, 0.00
123, 2, 700, 0.00, 0.00, 0.00, 0.00
124, 2, 700, 0.00, 0.00, 0.00, 0.00
125, 2, 700, 0.00, 0.00, 0.00, 0.00
126, -1, 666, 0.00, 0.00, 0.00, 0.00
127, -1, 486, 0.00, 0.00, 0.00, 0.00
128, 2, 700, 0.00, 0.00, 0.00, 0.00
129, -1, 244, 0.00, 0.00, 0.00, 0.00
130, -1, 326, 0.00, 0.00, 0.00, 0.00
131, -1, 368, 0.00, 0.00, 0.00, 0.00
132, 2, 700, 0.00, 0.00, 0.00, 0.00
133, -1, 498, 0.00, 0.00, 0.00, 0.00
134, -1, 428, 0.00, 0.00, 0.00, 0.00
135, -1, 430, 0.00, 0.00, 0.00, 0.00
136, -1, 152, 0.00, 0.00, 0.00, 0.00
137, 2, 700, 0.00, 0.00, 0.00, 0.00
138, -1, 584, 0.00, 0.00, 0.00, 0.00
139, 2, 700, 0.00, 0.00, 0.00, 0.00
140, -1, 426, 0.00, 0.00, 0.00, 0.00
141, -1, 526, 0.00, 0.00, 0.00, 0.00
142, -1, 346, 0.00, 0.00, 0.00, 0.00
143, -1, 540, 0.00, 0.00, 0.00, 0.00
144, -1, 236, 0.00, 0.00, 0.00, 0.00
145, -1, 428, 0.00, 0.00, 0.00, 0.00
146, -1, 242, 0.00, 0.00, 0.00, 0.00
147, 2, 700, 0.00, 0.00, 0.00, 0.00
148, -1, 266, 0.00, 0.00, 0.00, 0.00
149, -1, 232, 0.00, 0.00, 0.00, 0.00
150, -1, 176, 0.00, 0.00, 0.00, 0.00
151, -1, 276, 0.00, 0.00, 0.00, 0.00
152, -1, 406, 0.00, 0.00, 0.00, 0.00
153, -1, 242, 0.00, 0.00, 0.00, 0.00
154, -1, 678, 0.00, 0.00, 0.00, 0.00
155, 2, 700, 0.00, 0.00, 0.00, 0.00
156, -1, 546, 0.00, 0.00, 0.00, 0.00
157, 2, 700, 0.00, 0.00, 0.00, 0.00
158, 2, 700, 0.00, 0.00, 0.00, 0.00
159, -1, 472, 0.00, 0.00, 0.00, 0.00
160, -1, 528, 0.00, 0.00, 0.00, 0.00
161, -1, 130, 0.00, 0.00, 0.00, 0.00
162, 2, 700, 0.00, 0.00, 0.00, 0.00
163, -1, 170, 0.00, 0.00, 0.00, 0.00
164, -1, 636, 0.00, 0.00, 0.00, 0.00
165, 2, 700, 0.00, 0.00, 0.00, 0.00
166, 2, 700, 0.00, 0.00, 0.00, 0.00
167, -1, 412, 0.00, 0.00, 0.00, 0.00
168, -1, 398, 0.00, 0.00, 0.00, 0.00
169, -1, 238, 0.00, 0.00, 0.00, 0.00
170, 2, 700, 0.00, 0.00, 0.00, 0.00
171, 2, 700, 0.00, 0.00, 0.00, 0.00
172, 2, 700, 0.00, 0.00, 0.00, 0.00
173, -1, 484, 0.00, 0.00, 0.00, 0.00
174, -1, 572, 0.00, 0.00, 0.00, 0.00
175, -1, 620, 0.00, 0.00, 0.00, 0.00
176, 2, 700, 0.00, 0.00, 0.00, 0.00
177, -1, 288, 0.00, 0.00, 0.00, 0.00
178, -1, 240, 0.00, 0.00, 0.00, 0.00
179, -1, 174, 0.00, 0.00, 0.00, 0.00
180, 1, 451, 0.00, 0.00, 0.00, 0.00
181, -1, 644, 0.00, 0.00, 0.00, 0.00
182, -1, 172, 0.00, 0.00, 0.00, 0.00
183, -1, 214, 0.00, 0.00, 0.00, 0.00
184, -1, 442, 0.00, 0.00, 0.00, 0.00
185, 2, 700, 0.00, 0.00, 0.00, 0.00
186, -1, 450, 0.00, 0.00, 0.00, 0.00
187, 2, 700, 0.00, 0.00, 0.00, 0.00
188, -1, 236, 0.00, 0.00, 0.00, 0.00
189, 2, 700, 0.00, 0.00, 0.00, 0.00
190, -1, 540, 0.00, 0.00, 0.00, 0.00
191, -1, 308, 0.00, 0.00, 0.00, 0.00
192, -1, 334, 0.00, 0.00, 0.00, 0.00
193, -1, 456, 0.00, 0.00, 0.00, 0.00
194, -1, 108, 0.00, 0.00, 0.00, 0.00
195, -1, 228, 0.00, 0.00, 0.00, 0.00
196, -1, 462, 0.00, 0.00, 0.00, 0.00
197, -1, 324, 0.00, 0.00, 0.00, 0.00
198, -1, 244, 0.00, 0.00, 0.00, 0.00
199, -1, 276, 0.00, 0.00, 0.00, 0.00
200, 2, 700, 0.00, 0.00, 0.00, 0.00
201, -1, 256, 0.00, 0.00, 0.00, 0.00
202, 2, 700, 0.00, 0.00, 0.00, 0.00
203, 1, 343, 0.00, 0.00, 0.00, 0.00
204, -1, 570, 0.00, 0.00, 0.00, 0.00
205, -1, 524, 0.00, 0.00, 0.00, 0.00
206, -1, 162, 0.00, 0.00, 0.00, 0.00
207, -1, 404, 0.00, 0.00, 0.00, 0.00
208, -1, 420, 0.00, 0.00, 0.00, 0.00
209, -1, 286, 0.00, 0.00, 0.00, 0.00
210, -1, 378, 0.00, 0.00, 0.00, 0.00
211, -1, 472, 0.00, 0.00, 0.00, 0.00
212, 2, 700, 0.00, 0.00, 0.00, 0.00
213, -1, 418, 0.00, 0.00, 0.00, 0.00
214, 2, 700, 0.00, 0.00, 0.00, 0.00
215, -1, 588, 0.00, 0.00, 0.00, 0.00
216, -1, 510, 0.00, 0.00, 0.00, 0.00
217, -1, 376, 0.00, 0.00, 0.00, 0.00
218, -1, 336, 0.00, 0.00, 0.00, 0.00
219, -1, 408, 0.00, 0.00, 0.00, 0.00
220, 2, 700, 0.00, 0.00, 0.00, 0.00
221, -1, 180, 0.00, 0.00, 0.00, 0.00
222, 1, 153, 0.00, 0.00, 0.00, 0.00
223, 2, 700, 0.00, 0.00, 0.00, 0.00
224, -1, 152, 0.00, 0.00, 0.00, 0.00
225, 2, 700, 0.00, 0.00, 0.00, 0.00
226, -1, 366, 0.00, 0.00, 0.00, 0.00
227, -1, 338, 0.00, 0.00, 0.00, 0.00
228, -1, 696, 0.00, 0.00, 0.00, 0.00
229, 2, 700, 0.00, 0.00, 0.00, 0.00
230, -1, 542, 0.00, 0.00, 0.00, 0.00
231, -1, 646, 0.00, 0.00, 0.00, 0.00
232, -1, 324, 0.00, 0.00, 0.00, 0.00
233, -1, 682, 0.00, 0.00, 0.00, 0.00
234, -1, 588, 0.00, 0.00, 0.00, 0.00
235, 2, 700, 0.00, 0.00, 0.00, 0.00
236, -1, 184, 0.00, 0.00, 0.00, 0.00
237, -1, 678, 0.00, 0.00, 0.00, 0.00
238, 2, 700, 0.00, 0.00, 0.00, 0.00
239, 2, 700, 0.00, 0.00, 0.00, 0.00
240, -1, 342, 0.00, 0.00, 0.00, 0.00
241, 2, 700, 0.00, 0.00, 0.00, 0.00
242, 2, 700, 0.00, 0.00, 0.00, 0.00
243, -1, 182, 0.00, 0.00, 0.00, 0.00
244, 2, 700, 0.00, 0.00, 0.00, 0.00
245, -1, 468, 0.00, 0.00, 0.00, 0.00
246, -1, 278, 0.00, 0.00, 0.00, 0.00
247, 2, 700, 0.00, 0.00, 0.00, 0.00
248, -1, 612, 0.00, 0.00, 0.00, 0.00
249, -1, 294, 0.00, 0.00, 0.00, 0.00
250, -1, 534, 0.00, 0.00, 0.00, 0.00
251, -1, 698, 0.00, 0.00, 0.00, 0.00
252, -1, 356, 0.00, 0.00, 0.00, 0.00
253, -1, 272, 0.00, 0.00, 0.00, 0.00
254, -1, 388, 0.00, 0.00, 0.00, 0.00
255, 1, 397, 0.00, 0.00, 0.00, 0.00
256, -1, 560, 0.00, 0.00, 0.00, 0.00
257, 2, 700, 0.00, 0.00, 0.00, 0.00
258, -1, 246, 0.00, 0.00, 0.00, 0.00
259, 2, 700, 0.00, 0.00, 0.00, 0.00
260, -1, 280, 0.00, 0.00, 0.00, 0.00
261, -1, 482, 0.00, 0.00, 0.00, 0.00
262, -1, 646, 0.00, 0.00, 0.00, 0.00
263, -1, 314, 0.00, 0.00, 0.00, 0.00
264, 2, 700, 0.00, 0.00, 0.00, 0.00
265, -1, 592, 0.00, 0.00, 0.00, 0.00
266, -1, 540, 0.00, 0.00, 0.00, 0.00
267, 2, 700, 0.00, 0.00, 0.00, 0.00
268, -1, 438, 0.00, 0.00, 0.00, 0.00
269, -1, 496, 0.00, 0.00, 0.00, 0.00
270, -1, 384, 0.00, 0.00, 0.00, 0.00
271, -1, 548, 0.00, 0.00, 0.00, 0.00
272, -1, 310, 0.00, 0.00, 0.00, 0.00
273, -1, 452, 0.00, 0.00, 0.00, 0.00
274, 2, 700, 0.00, 0.00, 0.00, 0.00
275, -1, 306, 0.00, 0.00, 0.00, 0.00
276, 2, 700, 0.00, 0.00, 0.00, 0.00
277, 2, 700, 0.00, 0.00, 0.00, 0.00
278, 2, 700, 0.00, 0.00, 0.00, 0.00
279, 2, 700, 0.00, 0.00, 0.00, 0.00
280, -1, 326, 0.00, 0.00, 0.00, 0.00
281, 2, 700, 0.00, 0.00, 0.00, 0.00
282, 1, 425, 0.00, 0.00, 0.00, 0.00
283, -1, 240, 0.00, 0.00, 0.00, 0.00
284, 2, 700, 0.00, 0.00, 0.00, 0.00
285, 2, 700, 0.00, 0.00, 0.00, 0.00
286, -1, 634, 0.00, 0.00, 0.00, 0.00
287, -1, 346, 0.00, 0.00, 0.00, 0.00
288, 2, 700, 0.00, 0.00, 0.00, 0.00
289, -1, 550, 0.00, 0.00, 0.00, 0.00
290, -1, 492, 0.00, 0.00, 0.00, 0.00
291, -1, 318, 0.00, 0.00, 0.00, 0.00
292, -1, 438, 0.00, 0.00, 0.00, 0.00
293, -1, 670, 0.00, 0.00, 0.00, 0.00
294, -1, 420, 0.00, 0.00, 0.00, 0.00
295, -1, 698, 0.00, 0.00, 0.00, 0.00
296, -1, 174, 0.00, 0.00, 0.00, 0.00
297, -1, 624, 0.00, 0.00, 0.00, 0.00
298, -1, 408, 0.00, 0.00, 0.00, 0.00
299, -1, 192, 0.00, 0.00, 0.00, 0.00
300, 2, 700, 0.00, 0.00, 0.00, 0.00
301, -1, 524, 0.00, 0.00, 0.00, 0.00
302, -1, 688, 0.00, 0.00, 0.00, 0.00
303, -1, 372, 0.00, 0.00, 0.00, 0.00
304, -1, 666, 0.00, 0.00, 0.00, 0.00
305, -1, 266, 0.00, 0.00, 0.00, 0.00
306, 2, 700, 0.00, 0.00, 0.00, 0.00
307, 2, 700, 0.00, 0.00, 0.00, 0.00
308, 2, 700, 0.00, 0.00, 0.00, 0.00
309, -1, 514, 0.00, 0.00, 0.00, 0.00
310, -1, 498, 0.00, 0.00, 0.00, 0.00
311, -1, 378, 0.00, 0.00, 0.00, 0.00
312, 2, 700, 0.00, 0.00, 0.00, 0.00
313, -1, 406, 0.00, 0.00, 0.00, 0.00
314, -1, 556, 0.00, 0.00, 0.00, 0.00
315, -1, 514, 0.00, 0.00, 0.00, 0.00
316, -1, 512, 0.00, 0.00, 0.00, 0.00
317, -1, 402, 0.00, 0.00, 0.00, 0.00
318, -1, 102, 0.00, 0.00, 0.00, 0.00
319, -1, 362, 0.00, 0.00, 0.00, 0.00
320, -1, 324, 0.00, 0.00, 0.00, 0.00
321, 2, 700, 0.00, 0.00, 0.00, 0.00
322, -1, 618, 0.00, 0.00, 0.00, 0.00
323, 2, 700, 0.00, 0.00, 0.00, 0.00
324, 2, 700, 0.00, 0.00, 0.00, 0.00
325, -1, 476, 0.00, 0.00, 0.00, 0.00
326, -1, 158, 0.00, 0.00, 0.00, 0.00
327, -1, 244, 0.00, 0.00, 0.00, 0.00
328, -1, 144, 0.00, 0.00, 0.00, 0.00
329, 2, 700, 0.00, 0.00, 0.00, 0.00
330, -1, 406, 0.00, 0.00, 0.00, 0.00
331, -1, 654, 0.00, 0.00, 0.00, 0.00
332, -1, 494, 0.00, 0.00, 0.00, 0.00
333, 2, 700, 0.00, 0.00, 0.00, 0.00
334, -1, 402, 0.00, 0.00, 0.00, 0.00
335, 2, 700, 0.00, 0.00, 0.00, 0.00
336, -1, 318, 0.00, 0.00, 0.00, 0.00
337, -1, 244, 0.00, 0.00, 0.00, 0.00
338, -1, 694, 0.00, 0.00, 0.00, 0.00
339, -1, 544, 0.00, 0.00, 0.00, 0.00
340, -1, 350, 0.00, 0.00, 0.00, 0.00
341, -1, 486, 0.00, 0.00, 0.00, 0.00
342, -1, 292, 0.00, 0.00, 0.00, 0.00
343, -1, 272, 0.00, 0.00, 0.00, 0.00
344, 2, 700, 0.00, 0.00, 0.00, 0.00
345, -1, 562, 0.00, 0.00, 0.00, 0.00
346, -1, 444, 0.00, 0.00, 0.00, 0.00
347, -1, 328, 0.00, 0.00, 0.00, 0.00
348, -1, 640, 0.00, 0.00, 0.00, 0.00
349, -1, 66, 0.00, 0.00, 0.00, 0.00
350, 2, 700, 0.00, 0.00, 0.00, 0.00
351, -1, 102, 0.00, 0.00, 0.00, 0.00
352, 1, 473, 0.00, 0.00, 0.00, 0.00
353, 2, 700, 0.00, 0.00, 0.00, 0.00
354, -1, 86, 0.00, 0.00, 0.00, 0.00
355, -1, 362, 0.00, 0.00, 0.00, 0.00
356, 1, 201, 0.00, 0.00, 0.00, 0.00
357, -1, 514, 0.00, 0.00, 0.00, 0.00
358, 2, 700, 0.00, 0.00, 0.00, 0.00
359, -1, 406, 0.00, 0.00, 0.00, 0.00
360, -1, 212, 0.00, 0.00, 0.00, 0.00
361, -1, 528, 0.00, 0.00, 0.00, 0.00
362, 2, 700, 0.00, 0.00, 0.00, 0.00
363, -1, 244, 0.00, 0.00, 0.00, 0.00
364, -1, 468, 0.00, 0.00, 0.00, 0.00
365, -1, 328, 0.00, 0.00, 0.00, 0.00
366, -1, 646, 0.00, 0.00, 0.00, 0.00
367, -1, 418, 0.00, 0.00, 0.00, 0.00
368, 2, 700, 0.00, 0.00, 0.00, 0.00
369, 2, 700, 0.00, 0.00, 0.00, 0.00
370, 2, 700, 0.00, 0.00, 0.00, 0.00
371, -1, 326, 0.00, 0.00, 0.00, 0.00
372, -1, 200, 0.00, 0.00, 0.00, 0.00
373, -1, 290, 0.00, 0.00, 0.00, 0.00
374, 2, 700, 0.00, 0.00, 0.00, 0.00
375, -1, 270, 0.00, 0.00, 0.00, 0.00
376, -1, 434, 0.00, 0.00, 0.00, 0.00
377, 2, 700, 0.00, 0.00, 0.00, 0.00
378, -1, 508, 0.00, 0.00, 0.00, 0.00
379, -1, 418, 0.00, 0.00, 0.00, 0.00
380, 2, 700, 0.00, 0.00, 0.00, 0.00
381, 2, 700, 0.00, 0.00, 0.00, 0.00
382, -1, 316, 0.00, 0.00, 0.00, 0.00
383, -1, 562, 0.00, 0.00, 0.00, 0.00
384, -1, 176, 0.00, 0.00, 0.00, 0.00
385, 2, 700, 0.00, 0.00, 0.00, 0.00
386, -1, 454, 0.00, 0.00, 0.00, 0.00
387, -1, 602, 0.00, 0.00, 0.00, 0.00
388, 2, 700, 0.00, 0.00, 0.00, 0.00
389, -1, 446, 0.00, 0.00, 0.00, 0.00
390, -1, 446, 0.00, 0.00, 0.00, 0.00
391, 1, 415, 0.00, 0.00, 0.00, 0.00
392, 2, 700, 0.00, 0.00, 0.00, 0.00
393, -1, 354, 0.00, 0.00, 0.00, 0.00
394, -1, 620, 0.00, 0.00, 0.00, 0.00
395, 2, 700, 0.00, 0.00, 0.00, 0.00
396, -1, 622, 0.00, 0.00, 0.00, 0.00
397, 2, 700, 0.00, 0.00, 0.00, 0.00
398, 1, 339, 0.00, 0.00, 0.00, 0.00
399, -1, 676, 0.00, 0.00, 0.00, 0.00
400, -1, 454, 0.00, 0.00, 0.00, 0.00
401, 2, 700, 0.00, 0.00, 0.00, 0.00
402, -1, 482, 0.00, 0.00, 0.00, 0.00
403, -1, 280, 0.00, 0.00, 0.00, 0.00
404, 1, 569, 0.00, 0.00, 0.00, 0.00
405, -1, 446, 0.00, 0.00, 0.00, 0.00
406, -1, 210, 0.00, 0.00, 0.00, 0.00
407, -1, 224, 0.00, 0.00, 0.00, 0.00
408, 2, 700, 0.00, 0.00, 0.00, 0.00
409, -1, 392, 0.00, 0.00, 0.00, 0.00
410, 2, 700, 0.00, 0.00, 0.00, 0.00
411, 1, 179, 0.00, 0.00, 0.00, 0.00
412, -1, 496, 0.00, 0.00, 0.00, 0.00
413, 2, 700, 0.00, 0.00, 0.00, 0.00
414, -1, 622, 0.00, 0.00, 0.00, 0.00
415, -1, 142, 0.00, 0.00, 0.00, 0.00
416, -1, 460, 0.00, 0.00, 0.00, 0.00
417, -1, 602, 0.00, 0.00, 0.00, 0.00
418, -1, 662, 0.00, 0.00, 0.00, 0.00
419, -1, 638, 0.00, 0.00, 0.00, 0.00
420, 2, 700, 0.00, 0.00, 0.00, 0.00
421, -1, 356, 0.00, 0.00, 0.00, 0.00
422, 2, 700, 0.00, 0.00, 0.00, 0.00
423, -1, 472, 0.00, 0.00, 0.00, 0.00
424, 2, 700, 0.00, 0.00, 0.00, 0.00
425, -1, 666, 0.00, 0.00, 0.00, 0.00
426, -1, 292, 0.00, 0.00, 0.00, 0.00
427, -1, 416, 0.00, 0.00, 0.00, 0.00
428, 2, 700, 0.00, 0.00, 0.00, 0.00
429, -1, 564, 0.00, 0.00, 0.00, 0.00
430, 2, 700, 0.00, 0.00, 0.00, 0.00
431, -1, 532, 0.00, 0.00, 0.00, 0.00
432, 2, 700, 0.00, 0.00, 0.00, 0.00
433, 2, 700, 0.00, 0.00, 0.00, 0.00
434, -1, 344, 0.00, 0.00, 0.00, 0.00
435, -1, 326, 0.00, 0.00, 0.00, 0.00
436, -1, 498, 0.00, 0.00, 0.00, 0.00
437, 2, 700, 0.00, 0.00, 0.00, 0.00
438, -1, 380, 0.00, 0.00, 0.00, 0.00
439, -1, 644, 0.00, 0.00, 0.00, 0.00
440, 2, 700, 0.00, 0.00, 0.00, 0.00
441, -1, 376, 0.00, 0.00, 0.00, 0.00
442, -1, 272, 0.00, 0.00, 0.00, 0.00
443, -1, 340, 0.00, 0.00, 0.00, 0.00
444, -1, 320, 0.00, 0.00, 0.00, 0.00
445, -1, 526, 0.00, 0.00, 0.00, 0.00
446, 2, 700, 0.00, 0.00, 0.00, 0.00
447, 1, 155, 0.00, 0.00, 0.00, 0.00
448, -1, 354, 0.00, 0.00, 0.00, 0.00
449, -1, 96, 0.00, 0.00, 0.00, 0.00
450, 2, 700, 0.00, 0.00, 0.00, 0.00
451, -1, 248, 0.00, 0.00, 0.00, 0.00
452, -1, 576, 0.00, 0.00, 0.00, 0.00
453, -1, 686, 0.00, 0.00, 0.00, 0.00
454, -1, 536, 0.00, 0.00, 0.00, 0.00
455, -1, 624, 0.00, 0.00, 0.00, 0.00
456, -1, 524, 0.00, 0.00, 0.00, 0.00
457, 2, 700, 0.00, 0.00, 0.00, 0.00
458, -1, 140, 0.00, 0.00, 0.00, 0.00
459, 2, 700, 0.00, 0.00, 0.00, 0.00
460, -1, 396, 0.00, 0.00, 0.00, 0.00
461, 2, 700, 0.00, 0.00, 0.00, 0.00
462, -1, 642, 0.00, 0.00, 0.00, 0.00
463, -1, 382, 0.00, 0.00, 0.00, 0.00
464, 2, 700, 0.00, 0.00, 0.00, 0.00
465, -1, 416, 0.00, 0.00, 0.00, 0.00
466, 2, 700, 0.00, 0.00, 0.00, 0.00
467, -1, 342, 0.00, 0.00, 0.00, 0.00
468, 2, 700, 0.00, 0.00, 0.00, 0.00
469, -1, 672, 0.00, 0.00, 0.00, 0.00
470, -1, 192, 0.00, 0.00, 0.00, 0.00
471, -1, 674, 0.00, 0.00, 0.00, 0.00
472, -1, 464, 0.00, 0.00, 0.00, 0.00
473, -1, 284, 0.00, 0.00, 0.00, 0.00
474, -1, 664, 0.00, 0.00, 0.00, 0.00
475, -1, 118, 0.00, 0.00, 0.00, 0.00
476, -1, 324, 0.00, 0.00, 0.00, 0.00
477, -1, 170, 0.00, 0.00, 0.00, 0.00
478, 2, 700, 0.00, 0.00, 0.00, 0.00
479, -1, 670, 0.00, 0.00, 0.00, 0.00
480, -1, 422, 0.00, 0.00, 0.00, 0.00
481, 2, 700, 0.00, 0.00, 0.00, 0.00
482, -1, 332, 0.00, 0.00, 0.00, 0.00
483, -1, 500, 0.00, 0.00, 0.00, 0.00
484, -1, 606, 0.00, 0.00, 0.00, 0.00
485, -1, 262, 0.00, 0.00, 0.00, 0.00
486, -1, 300, 0.00, 0.00, 0.00, 0.00
487, 1, 321, 0.00, 0.00, 0.00, 0.00
488, 2, 700, 0.00, 0.00, 0.00, 0.00
489, 2, 700, 0.00, 0.00, 0.00, 0.00
490, 2, 700, 0.00, 0.00, 0.00, 0.00
491, -1, 534, 0.00, 0.00, 0.00, 0.00
492, 2, 700, 0.00, 0.00, 0.00, 0.00
493, -1, 422, 0.00, 0.00, 0.00, 0.00
494, -1, 558, 0.00, 0.00, 0.00, 0.00
495, -1, 334, 0.00, 0.00, 0.00, 0.00
496, -1, 624, 0.00, 0.00, 0.00, 0.00
497, 2, 700, 0.00, 0.00, 0.00, 0.00
498, -1, 448, 0.00, 0.00, 0.00, 0.00
499, 2, 700, 0.00, 0.00, 0.00, 0.00
500, -1, 464, 0.00, 0.00, 0.00, 0.00
501, -1, 228, 0.00, 0.00, 0.00, 0.00
502, 2, 700, 0.00, 0.00, 0.00, 0.00
503, -1, 168, 0.00, 0.00, 0.00, 0.00
504, -1, 438, 0.00, 0.00, 0.00, 0.00
505, 2, 700, 0.00, 0.00, 0.00, 0.00
506, -1, 596, 0.00, 0.00, 0.00, 0.00
507, -1, 250, 0.00, 0.00, 0.00, 0.00
508, -1, 558, 0.00, 0.00, 0.00, 0.00
509, -1, 568, 0.00, 0.00, 0.00, 0.00
510, -1, 120, 0.00, 0.00, 0.00, 0.00
511, 2, 700, 0.00, 0.00, 0.00, 0.00
512, -1, 266, 0.00, 0.00, 0.00, 0.00
513, -1, 428, 0.00, 0.00, 0.00, 0.00
514, -1, 382, 0.00, 0.00, 0.00, 0.00
515, 2, 700, 0.00, 0.00, 0.00, 0.00
516, -1, 228, 0.00, 0.00, 0.00, 0.00
517, -1, 184, 0.00, 0.00, 0.00, 0.00
518, 2, 700, 0.00, 0.00, 0.00, 0.00
519, 2, 700, 0.00, 0.00, 0.00, 0.00
520, -1, 196, 0.00, 0.00, 0.00, 0.00
521, 2, 700, 0.00, 0.00, 0.00, 0.00
522, -1, 138, 0.00, 0.00, 0.00, 0.00
523, -1, 400, 0.00, 0.00, 0.00, 0.00
524, -1, 664, 0.00, 0.00, 0.00, 0.00
525, -1, 424, 0.00, 0.00, 0.00, 0.00
526, -1, 164, 0.00, 0.00, 0.00, 0.00
527, -1, 386, 0.00, 0.00, 0.00, 0.00
528, 2, 700, 0.00, 0.00, 0.00, 0.00
529, -1, 442, 0.00, 0.00, 0.00, 0.00
530, -1, 384, 0.00, 0.00, 0.00, 0.00
531, -1, 618, 0.00, 0.00, 0.00, 0.00
532, -1, 186, 0.00, 0.00, 0.00, 0.00
533, -1, 198, 0.00, 0.00, 0.00, 0.00
534, -1, 236, 0.00, 0.00, 0.00, 0.00
535, -1, 680, 0.00, 0.00, 0.00, 0.00
536, -1, 208, 0.00, 0.00, 0.00, 0.00
537, -1, 378, 0.00, 0.00, 0.00, 0.00
538, -1, 124, 0.00, 0.00, 0.00, 0.00
539, -1, 592, 0.00, 0.00, 0.00, 0.00
540, -1, 534, 0.00, 0.00, 0.00, 0.00
541, 2, 700, 0.00, 0.00, 0.00, 0.00
542, 1, 325, 0.00, 0.00, 0.00, 0.00
543, 1, 687, 0.00, 0.00, 0.00, 0.00
544, -1, 370, 0.00, 0.00, 0.00, 0.00
545, -1, 476, 0.00, 0.00, 0.00, 0.00
546, 2, 700, 0.00, 0.00, 0.00, 0.00
547, -1, 332, 0.00, 0.00, 0.00, 0.00
548, -1, 138, 0.00, 0.00, 0.00, 0.00
549, -1, 220, 0.00, 0.00, 0.00, 0.00
550, -1, 160, 0.00, 0.00, 0.00, 0.00
551, -1, 572, 0.00, 0.00, 0.00, 0.00
552, 2, 700, 0.00, 0.00, 0.00, 0.00
553, 2, 700, 0.00, 0.00, 0.00, 0.00
554, -1, 286, 0.00, 0.00, 0.00, 0.00
555, -1, 290, 0.00, 0.00, 0.00, 0.00
556, -1, 432, 0.00, 0.00, 0.00, 0.00
557, -1, 536, 0.00, 0.00, 0.00, 0.00
558, 2, 700, 0.00, 0.00, 0.00, 0.00
559, 2, 700, 0.00, 0.00, 0.00, 0.00
560, -1, 604, 0.00, 0.00, 0.00, 0.00
561, -1, 152, 0.00, 0.00, 0.00, 0.00
562, -1, 334, 0.00, 0.00, 0.00, 0.00
563, -1, 242, 0.00, 0.00, 0.00, 0.00
564, -1, 338, 0.00, 0.00, 0.00, 0.00
565, -1, 462, 0.00, 0.00, 0.00, 0.00
566, 2, 700, 0.00, 0.00, 0.00, 0.00
567, 2, 700, 0.00, 0.00, 0.00, 0.00
568, -1, 382, 0.00, 0.00, 0.00, 0.00
569, -1, 522, 0.00, 0.00, 0.00, 0.00
570, 2, 700, 0.00, 0.00, 0.00, 0.00
571, -1, 640, 0.00, 0.00, 0.00, 0.00
572, 2, 700, 0.00, 0.00, 0.00, 0.00
573, -1, 216, 0.00, 0.00, 0.00, 0.00
574, -1, 480, 0.00, 0.00, 0.00, 0.00
575, 2, 700, 0.00, 0.00, 0.00, 0.00
576, 2, 700, 0.00, 0.00, 0.00, 0.00
577, 2, 700, 0.00, 0.00, 0.00, 0.00
578, -1, 456, 0.00, 0.00, 0.00, 0.00
579, -1, 380, 0.00, 0.00, 0.00, 0.00
580, 2, 700, 0.00, 0.00, 0.00, 0.00
581, -1, 598, 0.00, 0.00, 0.00, 0.00
582, -1, 142, 0.00, 0.00, 0.00, 0.00
583, -1, 472, 0.00, 0.00, 0.00, 0.00
584, -1, 406, 0.00, 0.00, 0.00, 0.00
585, -1, 326, 0.00, 0.00, 0.00, 0.00
586, -1, 120, 0.00, 0.00, 0.00, 0.00
587, 2, 700, 0.00, 0.00, 0.00, 0.00
588, -1, 432, 0.00, 0.00, 0.00, 0.00
589, -1, 46, 0.00, 0.00, 0.00, 0.00
590, 2, 700, 0.00, 0.00, 0.00, 0.00
591, -1, 224, 0.00, 0.00, 0.00, 0.00
592, -1, 424, 0.00, 0.00, 0.00, 0.00
593, -1, 404, 0.00, 0.00, 0.00, 0.00
594, -1, 518, 0.00, 0.00, 0.00, 0.00
595, -1, 592, 0.00, 0.00, 0.00, 0.00
596, -1, 356, 0.00, 0.00, 0.00, 0.00
597, -1, 194, 0.00, 0.00, 0.00, 0.00
598, -1, 292, 0.00, 0.00, 0.00, 0.00
599, 2, 700, 0.00, 0.00, 0.00, 0.00
600, 2, 700, 0.00, 0.00, 0.00, 0.00
601, -1, 280, 0.00, 0.00, 0.00, 0.00
602, -1, 240, 0.00, 0.00, 0.00, 0.00
603, -1, 366, 0.00, 0.00, 0.00, 0.00
604, -1, 562, 0.00, 0.00, 0.00, 0.00
605, -1, 332, 0.00, 0.00, 0.00, 0.00
606, -1, 258, 0.00, 0.00, 0.00, 0.00
607, 2, 700, 0.00, 0.00, 0.00, 0.00
608, -1, 154, 0.00, 0.00, 0.00, 0.00
609, -1, 294, 0.00, 0.00, 0.00, 0.00
610, -1, 272, 0.00, 0.00, 0.00, 0.00
611, -1, 476, 0.00, 0.00, 0.00, 0.00
612, -1, 614, 0.00, 0.00, 0.00, 0.00
613, 2, 700, 0.00, 0.00, 0.00, 0.00
614, -1, 590, 0.00, 0.00, 0.00, 0.00
615, -1, 384, 0.00, 0.00, 0.00, 0.00
616, -1, 614, 0.00, 0.00, 0.00, 0.00
617, -1, 504, 0.00, 0.00, 0.00, 0.00
618, -1, 198, 0.00, 0.00, 0.00, 0.00
619, -1, 590, 0.00, 0.00, 0.00, 0.00
620, -1, 260, 0.00, 0.00, 0.00, 0.00
621, -1, 528, 0.00, 0.00, 0.00, 0.00
622, 2, 700, 0.00, 0.00, 0.00, 0.00
623, -1, 610, 0.00, 0.00, 0.00, 0.00
624, 2, 700, 0.00, 0.00, 0.00, 0.00
625, 2, 700, 0.00, 0.00, 0.00, 0.00
626, -1, 270, 0.00, 0.00, 0.00, 0.00
627, 1, 535, 0.00, 0.00, 0.00, 0.00
628, -1, 324, 0.00, 0.00, 0.00, 0.00
629, -1, 354, 0.00, 0.00, 0.00, 0.00
630, -1, 68, 0.00, 0.00, 0.00, 0.00
631, 2, 700, 0.00, 0.00, 0.00, 0.00
632, -1, 354, 0.00, 0.00, 0.00, 0.00
633, -1, 624, 0.00, 0.00, 0.00, 0.00
634, -1, 184, 0.00, 0.00, 0.00, 0.00
635, -1, 374, 0.00, 0.00, 0.00, 0.00
636, -1, 236, 0.00, 0.00, 0.00, 0.00
637, -1, 244, 0.00, 0.00, 0.00, 0.00
638, -1, 490, 0.00, 0.00, 0.00, 0.00
639, 2, 700, 0.00, 0.00, 0.00, 0.00
640, -1, 342, 0.00, 0.00, 0.00, 0.00
641, 2, 700, 0.00, 0.00, 0.00, 0.00
642, -1, 302, 0.00, 0.00, 0.00, 0.00
643, -1, 228, 0.00, 0.00, 0.00, 0.00
644, -1, 334, 0.00, 0.00, 0.00, 0.00
645, 2, 700, 0.00, 0.00, 0.00, 0.00
646, -1, 596, 0.00, 0.00, 0.00, 0.00
647, -1, 322, 0.00, 0.00, 0.00, 0.00
648, 2, 700, 0.00, 0.00, 0.00, 0.00
649, -1, 198, 0.00, 0.00, 0.00, 0.00
650, 2, 700, 0.00, 0.00, 0.00, 0.00
651, -1, 584, 0.00, 0.00, 0.00, 0.00
652, 2, 700, 0.00, 0.00, 0.00, 0.00
653, -1, 564, 0.00, 0.00, 0.00, 0.00
654, -1, 228, 0.00, 0.00, 0.00, 0.00
655, -1, 564, 0.00, 0.00, 0.00, 0.00
656, -1, 114, 0.00, 0.00, 0.00, 0.00
657, -1, 130, 0.00, 0.00, 0.00, 0.00
658, -1, 314, 0.00, 0.00, 0.00, 0.00
659, -1, 674, 0.00, 0.00, 0.00, 0.00
660, -1, 612, 0.00, 0.00, 0.00, 0.00
661, -1, 430, 0.00, 0.00, 0.00, 0.00
662, 2, 700, 0.00, 0.00, 0.00, 0.00
663, 1, 97, 0.00, 0.00, 0.00, 0.00
664, -1, 566, 0.00, 0.00, 0.00, 0.00
665, -1, 634, 0.00, 0.00, 0.00, 0.00
666, -1, 504, 0.00, 0.00, 0.00, 0.00
667, 2, 700, 0.00, 0.00, 0.00, 0.00
668, -1, 300, 0.00, 0.00, 0.00, 0.00
669, -1, 502, 0.00, 0.00, 0.00, 0.00
670, -1, 368, 0.00, 0.00, 0.00, 0.00
671, 2, 700, 0.00, 0.00, 0.00, 0.00
672, 2, 700, 0.00, 0.00, 0.00, 0.00
673, -1, 672, 0.00, 0.00, 0.00, 0.00
674, -1, 394, 0.00, 0.00, 0.00, 0.00
675, 2, 700, 0.00, 0.00, 0.00, 0.00
676, 2, 700, 0.00, 0.00, 0.00, 0.00
677, -1, 318, 0.00, 0.00, 0.00, 0.00
678, -1, 630, 0.00, 0.00, 0.00, 0.00
679, -1, 112, 0.00, 0.00, 0.00, 0.00
680, -1, 568, 0.00, 0.00, 0.00, 0.00
681, -1, 246, 0.00, 0.00, 0.00, 0.00
682, 1, 207, 0.00, 0.00, 0.00, 0.00
683, -1, 128, 0.00, 0.00, 0.00, 0.00
684, -1, 456, 0.00, 0.00, 0.00, 0.00
685, 2, 700, 0.00, 0.00, 0.00, 0.00
686, -1, 618, 0.00, 0.00, 0.00, 0.00
687, -1, 556, 0.00, 0.00, 0.00, 0.00
688, 2, 700, 0.00, 0.00, 0.00, 0.00
689, -1, 100, 0.00, 0.00, 0.00, 0.00
690, -1, 338, 0.00, 0.00, 0.00, 0.00
691, 2, 700, 0.00, 0.00, 0.00, 0.00
692, -1, 168, 0.00, 0.00, 0.00, 0.00
693, 2, 700, 0.00, 0.00, 0.00, 0.00
694, -1, 436, 0.00, 0.00, 0.00, 0.00
695, -1, 116, 0.00, 0.00, 0.00, 0.00
696, -1, 650, 0.00, 0.00, 0.00, 0.00
697, -1, 180, 0.00, 0.00, 0.00, 0.00
698, -1, 410, 0.00, 0.00, 0.00, 0.00
699, 2, 700, 0.00, 0.00, 0.00, 0.00
700, 2, 700, 0.00, 0.00, 0.00, 0.00
701, -1, 290, 0.00, 0.00, 0.00, 0.00
702, -1, 340, 0.00, 0.00, 0.00, 0.00
703, 2, 700, 0.00, 0.00, 0.00, 0.00
704, -1, 262, 0.00, 0.00, 0.00, 0.00
705, -1, 294, 0.00, 0.00, 0.00, 0.00
706, -1, 232, 0.00, 0.00, 0.00, 0.00
707, -1, 638, 0.00, 0.00, 0.00, 0.00
708, -1, 416, 0.00, 0.00, 0.00, 0.00
709, 2, 700, 0.00, 0.00, 0.00, 0.00
710, -1, 226, 0.00, 0.00, 0.00, 0.00
711, -1, 538, 0.00, 0.00, 0.00, 0.00
712, -1, 406, 0.00, 0.00, 0.00, 0.00
713, 2, 700, 0.00, 0.00, 0.00, 0.00
714, -1, 392, 0.00, 0.00, 0.00, 0.00
715, 2, 700, 0.00, 0.00, 0.00, 0.00
716, -1, 376, 0.00, 0.00, 0.00, 0.00
717, -1, 646, 0.00, 0.00, 0.00, 0.00
718, -1, 494, 0.00, 0.00, 0.00, 0.00
719, -1, 174, 0.00, 0.00, 0.00, 0.00
720, 2, 700, 0.00, 0.00, 0.00, 0.00
721, -1, 658, 0.00, 0.00, 0.00, 0.00
722, 2, 700, 0.00, 0.00, 0.00, 0.00
723, -1, 212, 0.00, 0.00, 0.00, 0.00
724, -1, 264, 0.00, 0.00, 0.00, 0.00
725, -1, 272, 0.00, 0.00, 0.00, 0.00
726, 1, 239, 0.00, 0.00, 0.00, 0.00
727, -1, 328, 0.00, 0.00, 0.00, 0.00
728, -1, 592, 0.00, 0.00, 0.00, 0.00
729, 2, 700, 0.00, 0.00, 0.00, 0.00
730, -1, 446, 0.00, 0.00, 0.00, 0.00
731, -1, 204, 0.00, 0.00, 0.00, 0.00
732, -1, 592, 0.00, 0.00, 0.00, 0.00
733, -1, 442, 0.00, 0.00, 0.00, 0.00
734, 2, 700, 0.00, 0.00, 0.00, 0.00
735, -1, 460, 0.00, 0.00, 0.00, 0.00
736, -1, 110, 0.00, 0.00, 0.00, 0.00
737, -1, 630, 0.00, 0.00, 0.00, 0.00
738, 2, 700, 0.00, 0.00, 0.00, 0.00
739, 1, 581, 0.00, 0.00, 0.00, 0.00
740, 2, 700, 0.00, 0.00, 0.00, 0.00
741, -1, 430, 0.00, 0.00, 0.00, 0.00
742, -1, 244, 0.00, 0.00, 0.00, 0.00
743, -1, 436, 0.00, 0.00, 0.00, 0.00
744, 2, 700, 0.00, 0.00, 0.00, 0.00
745, -1, 648, 0.00, 0.00, 0.00, 0.00
746, -1, 150, 0.00, 0.00, 0.00, 0.00
747, -1, 602, 0.00, 0.00, 0.00, 0.00
748, -1, 254, 0.00, 0.00, 0.00, 0.00
749, -1, 244, 0.00, 0.00, 0.00, 0.00
750, -1, 270, 0.00, 0.00, 0.00, 0.00
751, -1, 356, 0.00, 0.00, 0.00, 0.00
752, -1, 130, 0.00, 0.00, 0.00, 0.00
753, -1, 670, 0.00, 0.00, 0.00, 0.00
754, 1, 401, 0.00, 0.00, 0.00, 0.00
755, -1, 674, 0.00, 0.00, 0.00, 0.00
756, -1, 464, 0.00, 0.00, 0.00, 0.00
757, 2, 700, 0.00, 0.00, 0.00, 0.00
758, 2, 700, 0.00, 0.00, 0.00, 0.00
759, -1, 202, 0.00, 0.00, 0.00, 0.00
760, -1, 244, 0.00, 0.00, 0.00, 0.00
761, -1, 428, 0.00, 0.00, 0.00, 0.00
762, 2, 700, 0.00, 0.00, 0.00, 0.00
763, 2, 700, 0.00, 0.00, 0.00, 0.00
764, 2, 700, 0.00, 0.00, 0.00, 0.00
765, -1, 610, 0.00, 0.00, 0.00, 0.00
766, -1, 642, 0.00, 0.00, 0.00, 0.00
767, -1, 366, 0.00, 0.00, 0.00, 0.00
768, 2, 700, 0.00, 0.00, 0.00, 0.00
769, -1, 368, 0.00, 0.00, 0.00, 0.00
770, -1, 464, 0.00, 0.00, 0.00, 0.00
771, -1, 464, 0.00, 0.00, 0.00, 0.00
772, -1, 674, 0.00, 0.00, 0.00, 0.00
773, 2, 700, 0.00, 0.00, 0.00, 0.00
774, -1, 284, 0.00, 0.00, 0.00, 0.00
775, -1, 174, 0.00, 0.00, 0.00, 0.00
776, -1, 492, 0.00, 0.00, 0.00, 0.00
777, 2, 700, 0.00, 0.00, 0.00, 0.00
778, -1, 394, 0.00, 0.00, 0.00, 0.00
779, -1, 590, 0.00, 0.00, 0.00, 0.00
780, -1, 418, 0.00, 0.00, 0.00, 0.00
781, -1, 448, 0.00, 0.00, 0.00, 0.00
782, 2, 700, 0.00, 0.00, 0.00, 0.00
783, -1, 582, 0.00, 0.00, 0.00, 0.00
784, 2, 700, 0.00, 0.00, 0.00, 0.00
785, -1, 224, 0.00, 0.00, 0.00, 0.00
786, 2, 700, 0.00, 0.00, 0.00, 0.00
787, -1, 644, 0.00, 0.00, 0.00, 0.00
788, 2, 700, 0.00, 0.00, 0.00, 0.00
789, -1, 344, 0.00, 0.00, 0.00, 0.00
790, 2, 700, 0.00, 0.00, 0.00, 0.00
791, -1, 282, 0.00, 0.00, 0.00, 0.00
792, -1, 404, 0.00, 0.00, 0.00, 0.00
793, -1, 210, 0.00, 0.00, 0.00, 0.00
794, -1, 410, 0.00, 0.00, 0.00, 0.00
795, -1, 498, 0.00, 0.00, 0.00, 0.00
796, -1, 404, 0.00, 0.00, 0.00, 0.00
797, -1, 458, 0.00, 0.00, 0.00, 0.00
798, -1, 370, 0.00, 0.00, 0.00, 0.00
799, -1, 398, 0.00, 0.00, 0.00, 0.00
800, -1, 234, 0.00, 0.00, 0.00, 0.00
801, -1, 144, 0.00, 0.00, 0.00, 0.00
802, 2, 700, 0.00, 0.00, 0.00, 0.00
803, 2, 700, 0.00, 0.00, 0.00, 0.00
804, -1, 330, 0.00, 0.00, 0.00, 0.00
805, -1, 296, 0.00, 0.00, 0.00, 0.00
806, 2, 700, 0.00, 0.00, 0.00, 0.00
807, 2, 700, 0.00, 0.00, 0.00, 0.00
808, -1, 424, 0.00, 0.00, 0.00, 0.00
809, -1, 368, 0.00, 0.00, 0.00, 0.00
810, 1, 285, 0.00, 0.00, 0.00, 0.00
811, -1, 390, 0.00, 0.00, 0.00, 0.00
812, -1, 370, 0.00, 0.00, 0.00, 0.00
813, 1, 345, 0.00, 0.00, 0.00, 0.00
814, 2, 700, 0.00, 0.00, 0.00, 0.00
815, -1, 654, 0.00, 0.00, 0.00, 0.00
816, -1, 518, 0.00, 0.00, 0.00, 0.00
817, -1, 516, 0.00, 0.00, 0.00, 0.00
818, -1, 282, 0.00, 0.00, 0.00, 0.00
819, -1, 156, 0.00, 0.00, 0.00, 0.00
820, -1, 444, 0.00, 0.00, 0.00, 0.00
821, 2, 700, 0.00, 0.00, 0.00, 0.00
822, 2, 700, 0.00, 0.00, 0.00, 0.00
823, -1, 272, 0.00, 0.00, 0.00, 0.00
824, 2, 700, 0.00, 0.00, 0.00, 0.00
825, -1, 370, 0.00, 0.00, 0.00, 0.00
826, -1, 244, 0.00, 0.00, 0.00, 0.00
827, -1, 200, 0.00, 0.00, 0.00, 0.00
828, 2, 700, 0.00, 0.00, 0.00, 0.00
829, 2, 700, 0.00, 0.00, 0.00, 0.00
830, 2, 700, 0.00, 0.00, 0.00, 0.00
831, -1, 294, 0.00, 0.00, 0.00, 0.00
832, -1, 392, 0.00, 0.00, 0.00, 0.00
833, 2, 700, 0.00, 0.00, 0.00, 0.00
834, -1, 308, 0.00, 0.00, 0.00, 0.00
835, -1, 256, 0.00, 0.00, 0.00, 0.00
836, -1, 300, 0.00, 0.00, 0.00, 0.00
837, -1, 334, 0.00, 0.00, 0.00, 0.00
838, -1, 676, 0.00, 0.00, 0.00, 0.00
839, -1, 548, 0.00, 0.00, 0.00, 0.00
840, 2, 700, 0.00, 0.00, 0.00, 0.00
841, -1, 502, 0.00, 0.00, 0.00, 0.00
842, 2, 700, 0.00, 0.00, 0.00, 0.00
843, 2, 700, 0.00, 0.00, 0.00, 0.00
844, -1, 450, 0.00, 0.00, 0.00, 0.00
845, -1, 492, 0.00, 0.00, 0.00, 0.00
846, -1, 686, 0.00, 0.00, 0.00, 0.00
847, 2, 700, 0.00, 0.00, 0.00, 0.00
848, -1, 488, 0.00, 0.00, 0.00, 0.00
849, -1, 360, 0.00, 0.00, 0.00, 0.00
850, 2, 700, 0.00, 0.00, 0.00, 0.00
851, -1, 596, 0.00, 0.00, 0.00, 0.00
852, -1, 540, 0.00, 0.00, 0.00, 0.00
853, 2, 700, 0.00, 0.00, 0.00, 0.00
854, 2, 700, 0.00, 0.00, 0.00, 0.00
855, -1, 558, 0.00, 0.00, 0.00, 0.00
856, -1, 220, 0.00, 0.00, 0.00, 0.00
857, -1, 342, 0.00, 0.00, 0.00, 0.00
858, 2, 700, 0.00, 0.00, 0.00, 0.00
859, 2, 700, 0.00, 0.00, 0.00, 0.00
860, 1, 289, 0.00, 0.00, 0.00, 0.00
861, -1, 644, 0.00, 0.00, 0.00, 0.00
862, -1, 112, 0.00, 0.00, 0.00, 0.00
863, 1, 115, 0.00, 0.00, 0.00, 0.00
864, -1, 422, 0.00, 0.00, 0.00, 0.00
865, -1, 550, 0.00, 0.00, 0.00, 0.00
866, 2, 700, 0.00, 0.00, 0.00, 0.00
867, 2, 700, 0.00, 0.00, 0.00, 0.00
868, -1, 136, 0.00, 0.00, 0.00, 0.00
869, -1, 350, 0.00, 0.00, 0.00, 0.00
870, -1, 516, 0.00, 0.00, 0.00, 0.00
871, -1, 326, 0.00, 0.00, 0.00, 0.00
872, -1, 312, 0.00, 0.00, 0.00, 0.00
873, 2, 700, 0.00, 0.00, 0.00, 0.00
874, -1, 190, 0.00, 0.00, 0.00, 0.00
875, 2, 700, 0.00, 0.00, 0.00, 0.00
876, -1, 424, 0.00, 0.00, 0.00, 0.00
877, 2, 700, 0.00, 0.00, 0.00, 0.00
878, 2, 700, 0.00, 0.00, 0.00, 0.00
879, 2, 700, 0.00, 0.00, 0.00, 0.00
880, -1, 256, 0.00, 0.00, 0.00, 0.00
881, -1, 144, 0.00, 0.00, 0.00, 0.00
882, -1, 548, 0.00, 0.00, 0.00, 0.00
883, -1, 340, 0.00, 0.00, 0.00, 0.00
884, 2, 700, 0.00, 0.00, 0.00, 0.00
885, 2, 700, 0.00, 0.00, 0.00, 0.00
886, -1, 80, 0.00, 0.00, 0.00, 0.00
887, -1, 542, 0.00, 0.00, 0.00, 0.00
888, 1, 565, 0.00, 0.00, 0.00, 0.00
889, 2, 700, 0.00, 0.00, 0.00, 0.00
890, -1, 358, 0.00, 0.00, 0.00, 0.00
891, 2, 700, 0.00, 0.00, 0.00, 0.00
892, -1, 246, 0.00, 0.00, 0.00, 0.00
893, -1, 614, 0.00, 0.00, 0.00, 0.00
894, 1, 361, 0.00, 0.00, 0.00, 0.00
895, 2, 700, 0.00, 0.00, 0.00, 0.00
896, -1, 638, 0.00, 0.00, 0.00, 0.00
897, -1, 472, 0.00, 0.00, 0.00, 0.00
898, -1, 290, 0.00, 0.00, 0.00, 0.00
899, -1, 634, 0.00, 0.00, 0.00, 0.00
900, -1, 574, 0.00, 0.00, 0.00, 0.00
901, -1, 274, 0.00, 0.00, 0.00, 0.00
902, 2, 700, 0.00, 0.00, 0.00, 0.00
903, -1, 402, 0.00, 0.00, 0.00, 0.00
904, 2, 700, 0.00, 0.00, 0.00, 0.00
905, -1, 414, 0.00, 0.00, 0.00, 0.00
906, -1, 116, 0.00, 0.00, 0.00, 0.00
907, -1, 274, 0.00, 0.00, 0.00, 0.00
908, 2, 700, 0.00, 0.00, 0.00, 0.00
909, -1, 152, 0.00, 0.00, 0.00, 0.00
910, 2, 700, 0.00, 0.00, 0.00, 0.00
911, -1, 264, 0.00, 0.00, 0.00, 0.00
912, 2, 700, 0.00, 0.00, 0.00, 0.00
913, -1, 154, 0.00, 0.00, 0.00, 0.00
914, -1, 316, 0.00, 0.00, 0.00, 0.00
915, -1, 606, 0.00, 0.00, 0.00, 0.00
916, 2, 700, 0.00, 0.00, 0.00, 0.00
917, -1, 134, 0.00, 0.00, 0.00, 0.00
918, 2, 700, 0.00, 0.00, 0.00, 0.00
919, 2, 700, 0.00, 0.00, 0.00, 0.00
920, -1, 690, 0.00, 0.00, 0.00, 0.00
921, -1, 552, 0.00, 0.00, 0.00, 0.00
922, -1, 618, 0.00, 0.00, 0.00, 0.00
923, -1, 188, 0.00, 0.00, 0.00, 0.00
924, 1, 211, 0.00, 0.00, 0.00, 0.00
925, -1, 682, 0.00, 0.00, 0.00, 0.00
926, 2, 700, 0.00, 0.00, 0.00, 0.00
927, -1, 610, 0.00, 0.00, 0.00, 0.00
928, 2, 700, 0.00, 0.00, 0.00, 0.00
929, -1, 316, 0.00, 0.00, 0.00, 0.00
930, -1, 546, 0.00, 0.00, 0.00, 0.00
931, -1, 366, 0.00, 0.00, 0.00, 0.00
932, -1, 284, 0.00, 0.00, 0.00, 0.00
933, -1, 678, 0.00, 0.00, 0.00, 0.00
934, -1, 352, 0.00, 0.00, 0.00, 0.00
935, -1, 458, 0.00, 0.00, 0.00, 0.00
936, 2, 700, 0.00, 0.00, 0.00, 0.00
937, -1, 268, 0.00, 0.00, 0.00, 0.00
938, 2, 700, 0.00, 0.00, 0.00, 0.00
939, 1, 139, 0.00, 0.00, 0.00, 0.00
940, -1, 408, 0.00, 0.00, 0.00, 0.00
941, -1, 398, 0.00, 0.00, 0.00, 0.00
942, -1, 562, 0.00, 0.00, 0.00, 0.00
943, 1, 599, 0.00, 0.00, 0.00, 0.00
944, -1, 468, 0.00, 0.00, 0.00, 0.00
945, 1, 473, 0.00, 0.00, 0.00, 0.00
946, 2, 700, 0.00, 0.00, 0.00, 0.00
947, 1, 65, 0.00, 0.00, 0.00, 0.00
948, -1, 178, 0.00, 0.00, 0.00, 0.00
949, 2, 700, 0.00, 0.00, 0.00, 0.00
950, -1, 366, 0.00, 0.00, 0.00, 0.00
951, -1, 100, 0.00, 0.00, 0.00, 0.00
952, -1, 426, 0.00, 0.00, 0.00, 0.00
953, -1, 410, 0.00, 0.00, 0.00, 0.00
954, 2, 700, 0.00, 0.00, 0.00, 0.00
955, 2, 700, 0.00, 0.00, 0.00, 0.00
956, -1, 372, 0.00, 0.00, 0.00, 0.00
957, -1, 330, 0.00, 0.00, 0.00, 0.00
958, -1, 368, 0.00, 0.00, 0.00, 0.00
959, 2, 700, 0.00, 0.00, 0.00, 0.00
960, 2, 700, 0.00, 0.00, 0.00, 0.00
961, -1, 538, 0.00, 0.00, 0.00, 0.00
962, -1, 368, 0.00, 0.00, 0.00, 0.00
963, -1, 396, 0.00, 0.00, 0.00, 0.00
964, -1, 204, 0.00, 0.00, 0.00, 0.00
965, -1, 260, 0.00, 0.00, 0.00, 0.00
966, -1, 670, 0.00, 0.00, 0.00, 0.00
967, -1, 582, 0.00, 0.00, 0.00, 0.00
968, 2, 700, 0.00, 0.00, 0.00, 0.00
969, -1, 662, 0.00, 0.00, 0.00, 0.00
970, -1, 140, 0.00, 0.00, 0.00, 0.00
971, -1, 262, 0.00, 0.00, 0.00, 0.00
972, -1, 484, 0.00, 0.00, 0.00, 0.00
973, -1, 532, 0.00, 0.00, 0.00, 0.00
974, -1, 112, 0.00, 0.00, 0.00, 0.00
975, -1, 604, 0.00, 0.00, 0.00, 0.00
976, 2, 700, 0.00, 0.00, 0.00, 0.00
977, 2, 700, 0.00, 0.00, 0.00, 0.00
978, -1, 548, 0.00, 0.00, 0.00, 0.00
979, -1, 380, 0.00, 0.00, 0.00, 0.00
980, 2, 700, 0.00, 0.00, 0.00, 0.00
981, -1, 596, 0.00, 0.00, 0.00, 0.00
982, -1, 446, 0.00, 0.00, 0.00, 0.00
983, 1, 539, 0.00, 0.00, 0.00, 0.00
984, -1, 552, 0.00, 0.00, 0.00, 0.00
985, 2, 700, 0.00, 0.00, 0.00, 0.00
986, -1, 460, 0.00, 0.00, 0.00, 0.00
987, -1, 306, 0.00, 0.00, 0.00, 0.00
988, -1, 428, 0.00, 0.00, 0.00, 0.00
989, 2, 700, 0.00, 0.00, 0.00, 0.00
990, 2, 700, 0.00, 0.00, 0.00, 0.00
991, -1, 226, 0.00, 0.00, 0.00, 0.00
992, -1, 586, 0.00, 0.00, 0.00, 0.00
993, -1, 488, 0.00, 0.00, 0.00, 0.00
994, -1, 462, 0.00, 0.00, 0.00, 0.00
995, 2, 700, 0.00, 0.00, 0.00, 0.00
996, -1, 484, 0.00, 0.00, 0.00, 0.00
997, -1, 562, 0.00, 0.00, 0.00, 0.00
998, -1, 302, 0.00, 0.00, 0.00, 0.00
999, -1, 458, 0.00, 0.00, 0.00, 0.00
479.06, 193.21, 0.04