Game_ID, Result, num_turns, num_avg_black_nodes, std_black_nodes, num_avg_white_nodes, std_white_nodes
0, 2, 100, 0.00, 0.00, 2514.48, 1187.50
1, 1, 41, 0.00, 0.00, 1076.40, 611.29
2, -1, 60, 0.00, 0.00, 1957.30, 1149.77
3, 1, 23, 0.00, 0.00, 700.18, 105.58
4, 1, 59, 0.00, 0.00, 1677.38, 995.33
5, 2, 100, 0.00, 0.00, 2400.68, 1057.25
6, 2, 100, 0.00, 0.00, 2327.04, 1025.74
7, 1, 21, 0.00, 0.00, 727.40, 107.21
8, 2, 100, 0.00, 0.00, 2548.74, 1128.62
9, 1, 31, 0.00, 0.00, 876.27, 391.83
63.50, 32.20, 0.50