Game_ID, Result, num_turns, num_avg_black_nodes, std_black_nodes, num_avg_white_nodes, std_white_nodes
0, 2, 200, 0.00, 0.00, 0.00, 0.00
1, 2, 200, 0.00, 0.00, 0.00, 0.00
2, 2, 200, 0.00, 0.00, 0.00, 0.00
3, 2, 200, 0.00, 0.00, 0.00, 0.00
4, -1, 184, 0.00, 0.00, 0.00, 0.00
5, 2, 200, 0.00, 0.00, 0.00, 0.00
6, 2, 200, 0.00, 0.00, 0.00, 0.00
7, 2, 200, 0.00, 0.00, 0.00, 0.00
8, 2, 200, 0.00, 0.00, 0.00, 0.00
9, 2, 200, 0.00, 0.00, 0.00, 0.00
10, 2, 200, 0.00, 0.00, 0.00, 0.00
11, 1, 191, 0.00, 0.00, 0.00, 0.00
12, 2, 200, 0.00, 0.00, 0.00, 0.00
13, 2, 200, 0.00, 0.00, 0.00, 0.00
14, -1, 134, 0.00, 0.00, 0.00, 0.00
15, 2, 200, 0.00, 0.00, 0.00, 0.00
16, 2, 200, 0.00, 0.00, 0.00, 0.00
17, 2, 200, 0.00, 0.00, 0.00, 0.00
18, 2, 200, 0.00, 0.00, 0.00, 0.00
19, 2, 200, 0.00, 0.00, 0.00, 0.00
20, 2, 200, 0.00, 0.00, 0.00, 0.00
21, 2, 200, 0.00, 0.00, 0.00, 0.00
22, 2, 200, 0.00, 0.00, 0.00, 0.00
23, 2, 200, 0.00, 0.00, 0.00, 0.00
24, 2, 200, 0.00, 0.00, 0.00, 0.00
25, 2, 200, 0.00, 0.00, 0.00, 0.00
26, 2, 200, 0.00, 0.00, 0.00, 0.00
27, 2, 200, 0.00, 0.00, 0.00, 0.00
28, 2, 200, 0.00, 0.00, 0.00, 0.00
29, 2, 200, 0.00, 0.00, 0.00, 0.00
30, 2, 200, 0.00, 0.00, 0.00, 0.00
31, 2, 200, 0.00, 0.00, 0.00, 0.00
32, -1, 106, 0.00, 0.00, 0.00, 0.00
33, 2, 200, 0.00, 0.00, 0.00, 0.00
34, 2, 200, 0.00, 0.00, 0.00, 0.00
35, 2, 200, 0.00, 0.00, 0.00, 0.00
36, 2, 200, 0.00, 0.00, 0.00, 0.00
37, 2, 200, 0.00, 0.00, 0.00, 0.00
38, 2, 200, 0.00, 0.00, 0.00, 0.00
39, 2, 200, 0.00, 0.00, 0.00, 0.00
40, 2, 200, 0.00, 0.00, 0.00, 0.00
41, 2, 200, 0.00, 0.00, 0.00, 0.00
42, 2, 200, 0.00, 0.00, 0.00, 0.00
43, 2, 200, 0.00, 0.00, 0.00, 0.00
44, 2, 200, 0.00, 0.00, 0.00, 0.00
45, 2, 200, 0.00, 0.00, 0.00, 0.00
46, 2, 200, 0.00, 0.00, 0.00, 0.00
47, 2, 200, 0.00, 0.00, 0.00, 0.00
48, 2, 200, 0.00, 0.00, 0.00, 0.00
49, 2, 200, 0.00, 0.00, 0.00, 0.00
50, 2, 200, 0.00, 0.00, 0.00, 0.00
51, 2, 200, 0.00, 0.00, 0.00, 0.00
52, 2, 200, 0.00, 0.00, 0.00, 0.00
53, 2, 200, 0.00, 0.00, 0.00, 0.00
54, 2, 200, 0.00, 0.00, 0.00, 0.00
55, 2, 200, 0.00, 0.00, 0.00, 0.00
56, 2, 200, 0.00, 0.00, 0.00, 0.00
57, 2, 200, 0.00, 0.00, 0.00, 0.00
58, 2, 200, 0.00, 0.00, 0.00, 0.00
59, 2, 200, 0.00, 0.00, 0.00, 0.00
60, 2, 200, 0.00, 0.00, 0.00, 0.00
61, -1, 130, 0.00, 0.00, 0.00, 0.00
62, 2, 200, 0.00, 0.00, 0.00, 0.00
63, 2, 200, 0.00, 0.00, 0.00, 0.00
64, 2, 200, 0.00, 0.00, 0.00, 0.00
65, 2, 200, 0.00, 0.00, 0.00, 0.00
66, 2, 200, 0.00, 0.00, 0.00, 0.00
67, 2, 200, 0.00, 0.00, 0.00, 0.00
68, 2, 200, 0.00, 0.00, 0.00, 0.00
69, 2, 200, 0.00, 0.00, 0.00, 0.00
70, 2, 200, 0.00, 0.00, 0.00, 0.00
71, 2, 200, 0.00, 0.00, 0.00, 0.00
72, 2, 200, 0.00, 0.00, 0.00, 0.00
73, -1, 190, 0.00, 0.00, 0.00, 0.00
74, 2, 200, 0.00, 0.00, 0.00, 0.00
75, 2, 200, 0.00, 0.00, 0.00, 0.00
76, 2, 200, 0.00, 0.00, 0.00, 0.00
77, 2, 200, 0.00, 0.00, 0.00, 0.00
78, -1, 88, 0.00, 0.00, 0.00, 0.00
79, -1, 48, 0.00, 0.00, 0.00, 0.00
80, -1, 150, 0.00, 0.00, 0.00, 0.00
81, 2, 200, 0.00, 0.00, 0.00, 0.00
82, 2, 200, 0.00, 0.00, 0.00, 0.00
83, 2, 200, 0.00, 0.00, 0.00, 0.00
84, 2, 200, 0.00, 0.00, 0.00, 0.00
85, 2, 200, 0.00, 0.00, 0.00, 0.00
86, 2, 200, 0.00, 0.00, 0.00, 0.00
87, 2, 200, 0.00, 0.00, 0.00, 0.00
88, 2, 200, 0.00, 0.00, 0.00, 0.00
89, 2, 200, 0.00, 0.00, 0.00, 0.00
90, 2, 200, 0.00, 0.00, 0.00, 0.00
91, 2, 200, 0.00, 0.00, 0.00, 0.00
92, 2, 200, 0.00, 0.00, 0.00, 0.00
93, 2, 200, 0.00, 0.00, 0.00, 0.00
94, 2, 200, 0.00, 0.00, 0.00, 0.00
95, 2, 200, 0.00, 0.00, 0.00, 0.00
96, 2, 200, 0.00, 0.00, 0.00, 0.00
97, 2, 200, 0.00, 0.00, 0.00, 0.00
98, 2, 200, 0.00, 0.00, 0.00, 0.00
99, 2, 200, 0.00, 0.00, 0.00, 0.00
100, 2, 200, 0.00, 0.00, 0.00, 0.00
101, 2, 200, 0.00, 0.00, 0.00, 0.00
102, 2, 200, 0.00, 0.00, 0.00, 0.00
103, 2, 200, 0.00, 0.00, 0.00, 0.00
104, 2, 200, 0.00, 0.00, 0.00, 0.00
105, 2, 200, 0.00, 0.00, 0.00, 0.00
106, 2, 200, 0.00, 0.00, 0.00, 0.00
107, 2, 200, 0.00, 0.00, 0.00, 0.00
108, 2, 200, 0.00, 0.00, 0.00, 0.00
109, 2, 200, 0.00, 0.00, 0.00, 0.00
110, 2, 200, 0.00, 0.00, 0.00, 0.00
111, 2, 200, 0.00, 0.00, 0.00, 0.00
112, 2, 200, 0.00, 0.00, 0.00, 0.00
113, 2, 200, 0.00, 0.00, 0.00, 0.00
114, 2, 200, 0.00, 0.00, 0.00, 0.00
115, 1, 161, 0.00, 0.00, 0.00, 0.00
116, 2, 200, 0.00, 0.00, 0.00, 0.00
117, 2, 200, 0.00, 0.00, 0.00, 0.00
118, 2, 200, 0.00, 0.00, 0.00, 0.00
119, 2, 200, 0.00, 0.00, 0.00, 0.00
120, 2, 200, 0.00, 0.00, 0.00, 0.00
121, 2, 200, 0.00, 0.00, 0.00, 0.00
122, 2, 200, 0.00, 0.00, 0.00, 0.00
123, -1, 136, 0.00, 0.00, 0.00, 0.00
124, 2, 200, 0.00, 0.00, 0.00, 0.00
125, 2, 200, 0.00, 0.00, 0.00, 0.00
126, 2, 200, 0.00, 0.00, 0.00, 0.00
127, 2, 200, 0.00, 0.00, 0.00, 0.00
128, 2, 200, 0.00, 0.00, 0.00, 0.00
129, 2, 200, 0.00, 0.00, 0.00, 0.00
130, 2, 200, 0.00, 0.00, 0.00, 0.00
131, 2, 200, 0.00, 0.00, 0.00, 0.00
132, 2, 200, 0.00, 0.00, 0.00, 0.00
133, 2, 200, 0.00, 0.00, 0.00, 0.00
134, 2, 200, 0.00, 0.00, 0.00, 0.00
135, 2, 200, 0.00, 0.00, 0.00, 0.00
136, 2, 200, 0.00, 0.00, 0.00, 0.00
137, 2, 200, 0.00, 0.00, 0.00, 0.00
138, 2, 200, 0.00, 0.00, 0.00, 0.00
139, 2, 200, 0.00, 0.00, 0.00, 0.00
140, 2, 200, 0.00, 0.00, 0.00, 0.00
141, 2, 200, 0.00, 0.00, 0.00, 0.00
142, 2, 200, 0.00, 0.00, 0.00, 0.00
143, 2, 200, 0.00, 0.00, 0.00, 0.00
144, 2, 200, 0.00, 0.00, 0.00, 0.00
145, 2, 200, 0.00, 0.00, 0.00, 0.00
146, 2, 200, 0.00, 0.00, 0.00, 0.00
147, 2, 200, 0.00, 0.00, 0.00, 0.00
148, 2, 200, 0.00, 0.00, 0.00, 0.00
149, 2, 200, 0.00, 0.00, 0.00, 0.00
150, 2, 200, 0.00, 0.00, 0.00, 0.00
151, 2, 200, 0.00, 0.00, 0.00, 0.00
152, 2, 200, 0.00, 0.00, 0.00, 0.00
153, 2, 200, 0.00, 0.00, 0.00, 0.00
154, 2, 200, 0.00, 0.00, 0.00, 0.00
155, 2, 200, 0.00, 0.00, 0.00, 0.00
156, 2, 200, 0.00, 0.00, 0.00, 0.00
157, 2, 200, 0.00, 0.00, 0.00, 0.00
158, 2, 200, 0.00, 0.00, 0.00, 0.00
159, 2, 200, 0.00, 0.00, 0.00, 0.00
160, -1, 130, 0.00, 0.00, 0.00, 0.00
161, 2, 200, 0.00, 0.00, 0.00, 0.00
162, 2, 200, 0.00, 0.00, 0.00, 0.00
163, -1, 192, 0.00, 0.00, 0.00, 0.00
164, 2, 200, 0.00, 0.00, 0.00, 0.00
165, 2, 200, 0.00, 0.00, 0.00, 0.00
166, 2, 200, 0.00, 0.00, 0.00, 0.00
167, 2, 200, 0.00, 0.00, 0.00, 0.00
168, 2, 200, 0.00, 0.00, 0.00, 0.00
169, 2, 200, 0.00, 0.00, 0.00, 0.00
170, 2, 200, 0.00, 0.00, 0.00, 0.00
171, 2, 200, 0.00, 0.00, 0.00, 0.00
172, 2, 200, 0.00, 0.00, 0.00, 0.00
173, 2, 200, 0.00, 0.00, 0.00, 0.00
174, -1, 196, 0.00, 0.00, 0.00, 0.00
175, 2, 200, 0.00, 0.00, 0.00, 0.00
176, -1, 64, 0.00, 0.00, 0.00, 0.00
177, 2, 200, 0.00, 0.00, 0.00, 0.00
178, 2, 200, 0.00, 0.00, 0.00, 0.00
179, 2, 200, 0.00, 0.00, 0.00, 0.00
180, 2, 200, 0.00, 0.00, 0.00, 0.00
181, 2, 200, 0.00, 0.00, 0.00, 0.00
182, 2, 200, 0.00, 0.00, 0.00, 0.00
183, 2, 200, 0.00, 0.00, 0.00, 0.00
184, 2, 200, 0.00, 0.00, 0.00, 0.00
185, 2, 200, 0.00, 0.00, 0.00, 0.00
186, 2, 200, 0.00, 0.00, 0.00, 0.00
187, 2, 200, 0.00, 0.00, 0.00, 0.00
188, 2, 200, 0.00, 0.00, 0.00, 0.00
189, 2, 200, 0.00, 0.00, 0.00, 0.00
190, -1, 198, 0.00, 0.00, 0.00, 0.00
191, 2, 200, 0.00, 0.00, 0.00, 0.00
192, 2, 200, 0.00, 0.00, 0.00, 0.00
193, 2, 200, 0.00, 0.00, 0.00, 0.00
194, 2, 200, 0.00, 0.00, 0.00, 0.00
195, -1, 200, 0.00, 0.00, 0.00, 0.00
196, 2, 200, 0.00, 0.00, 0.00, 0.00
197, 2, 200, 0.00, 0.00, 0.00, 0.00
198, 2, 200, 0.00, 0.00, 0.00, 0.00
199, 2, 200, 0.00, 0.00, 0.00, 0.00
200, -1, 152, 0.00, 0.00, 0.00, 0.00
201, 2, 200, 0.00, 0.00, 0.00, 0.00
202, 2, 200, 0.00, 0.00, 0.00, 0.00
203, 2, 200, 0.00, 0.00, 0.00, 0.00
204, 2, 200, 0.00, 0.00, 0.00, 0.00
205, 2, 200, 0.00, 0.00, 0.00, 0.00
206, 2, 200, 0.00, 0.00, 0.00, 0.00
207, -1, 48, 0.00, 0.00, 0.00, 0.00
208, 2, 200, 0.00, 0.00, 0.00, 0.00
209, 2, 200, 0.00, 0.00, 0.00, 0.00
210, 2, 200, 0.00, 0.00, 0.00, 0.00
211, 2, 200, 0.00, 0.00, 0.00, 0.00
212, 2, 200, 0.00, 0.00, 0.00, 0.00
213, 2, 200, 0.00, 0.00, 0.00, 0.00
214, -1, 96, 0.00, 0.00, 0.00, 0.00
215, 2, 200, 0.00, 0.00, 0.00, 0.00
216, -1, 178, 0.00, 0.00, 0.00, 0.00
217, 2, 200, 0.00, 0.00, 0.00, 0.00
218, 2, 200, 0.00, 0.00, 0.00, 0.00
219, 2, 200, 0.00, 0.00, 0.00, 0.00
220, -1, 194, 0.00, 0.00, 0.00, 0.00
221, 2, 200, 0.00, 0.00, 0.00, 0.00
222, 2, 200, 0.00, 0.00, 0.00, 0.00
223, 2, 200, 0.00, 0.00, 0.00, 0.00
224, 2, 200, 0.00, 0.00, 0.00, 0.00
225, 2, 200, 0.00, 0.00, 0.00, 0.00
226, 2, 200, 0.00, 0.00, 0.00, 0.00
227, -1, 194, 0.00, 0.00, 0.00, 0.00
228, 2, 200, 0.00, 0.00, 0.00, 0.00
229, 2, 200, 0.00, 0.00, 0.00, 0.00
230, 2, 200, 0.00, 0.00, 0.00, 0.00
231, 2, 200, 0.00, 0.00, 0.00, 0.00
232, 2, 200, 0.00, 0.00, 0.00, 0.00
233, 2, 200, 0.00, 0.00, 0.00, 0.00
234, 2, 200, 0.00, 0.00, 0.00, 0.00
235, 1, 101, 0.00, 0.00, 0.00, 0.00
236, 2, 200, 0.00, 0.00, 0.00, 0.00
237, 2, 200, 0.00, 0.00, 0.00, 0.00
238, -1, 84, 0.00, 0.00, 0.00, 0.00
239, 2, 200, 0.00, 0.00, 0.00, 0.00
240, 2, 200, 0.00, 0.00, 0.00, 0.00
241, 2, 200, 0.00, 0.00, 0.00, 0.00
242, 2, 200, 0.00, 0.00, 0.00, 0.00
243, 2, 200, 0.00, 0.00, 0.00, 0.00
244, 2, 200, 0.00, 0.00, 0.00, 0.00
245, 2, 200, 0.00, 0.00, 0.00, 0.00
246, 2, 200, 0.00, 0.00, 0.00, 0.00
247, 2, 200, 0.00, 0.00, 0.00, 0.00
248, 2, 200, 0.00, 0.00, 0.00, 0.00
249, 2, 200, 0.00, 0.00, 0.00, 0.00
250, 2, 200, 0.00, 0.00, 0.00, 0.00
251, 2, 200, 0.00, 0.00, 0.00, 0.00
252, 2, 200, 0.00, 0.00, 0.00, 0.00
253, 2, 200, 0.00, 0.00, 0.00, 0.00
254, 2, 200, 0.00, 0.00, 0.00, 0.00
255, 2, 200, 0.00, 0.00, 0.00, 0.00
256, 2, 200, 0.00, 0.00, 0.00, 0.00
257, 2, 200, 0.00, 0.00, 0.00, 0.00
258, -1, 128, 0.00, 0.00, 0.00, 0.00
259, 2, 200, 0.00, 0.00, 0.00, 0.00
260, 2, 200, 0.00, 0.00, 0.00, 0.00
261, -1, 168, 0.00, 0.00, 0.00, 0.00
262, 2, 200, 0.00, 0.00, 0.00, 0.00
263, 2, 200, 0.00, 0.00, 0.00, 0.00
264, 2, 200, 0.00, 0.00, 0.00, 0.00
265, 2, 200, 0.00, 0.00, 0.00, 0.00
266, 2, 200, 0.00, 0.00, 0.00, 0.00
267, 2, 200, 0.00, 0.00, 0.00, 0.00
268, 2, 200, 0.00, 0.00, 0.00, 0.00
269, 2, 200, 0.00, 0.00, 0.00, 0.00
270, 2, 200, 0.00, 0.00, 0.00, 0.00
271, 2, 200, 0.00, 0.00, 0.00, 0.00
272, 2, 200, 0.00, 0.00, 0.00, 0.00
273, 2, 200, 0.00, 0.00, 0.00, 0.00
274, 2, 200, 0.00, 0.00, 0.00, 0.00
275, 2, 200, 0.00, 0.00, 0.00, 0.00
276, 2, 200, 0.00, 0.00, 0.00, 0.00
277, 2, 200, 0.00, 0.00, 0.00, 0.00
278, 2, 200, 0.00, 0.00, 0.00, 0.00
279, 2, 200, 0.00, 0.00, 0.00, 0.00
280, 2, 200, 0.00, 0.00, 0.00, 0.00
281, 2, 200, 0.00, 0.00, 0.00, 0.00
282, 2, 200, 0.00, 0.00, 0.00, 0.00
283, 2, 200, 0.00, 0.00, 0.00, 0.00
284, -1, 146, 0.00, 0.00, 0.00, 0.00
285, 2, 200, 0.00, 0.00, 0.00, 0.00
286, 2, 200, 0.00, 0.00, 0.00, 0.00
287, 2, 200, 0.00, 0.00, 0.00, 0.00
288, 2, 200, 0.00, 0.00, 0.00, 0.00
289, 2, 200, 0.00, 0.00, 0.00, 0.00
290, 2, 200, 0.00, 0.00, 0.00, 0.00
291, 2, 200, 0.00, 0.00, 0.00, 0.00
292, 2, 200, 0.00, 0.00, 0.00, 0.00
293, 2, 200, 0.00, 0.00, 0.00, 0.00
294, 2, 200, 0.00, 0.00, 0.00, 0.00
295, 2, 200, 0.00, 0.00, 0.00, 0.00
296, 2, 200, 0.00, 0.00, 0.00, 0.00
297, 2, 200, 0.00, 0.00, 0.00, 0.00
298, 2, 200, 0.00, 0.00, 0.00, 0.00
299, 2, 200, 0.00, 0.00, 0.00, 0.00
300, 2, 200, 0.00, 0.00, 0.00, 0.00
301, -1, 174, 0.00, 0.00, 0.00, 0.00
302, 2, 200, 0.00, 0.00, 0.00, 0.00
303, 2, 200, 0.00, 0.00, 0.00, 0.00
304, 2, 200, 0.00, 0.00, 0.00, 0.00
305, 2, 200, 0.00, 0.00, 0.00, 0.00
306, 2, 200, 0.00, 0.00, 0.00, 0.00
307, -1, 180, 0.00, 0.00, 0.00, 0.00
308, 2, 200, 0.00, 0.00, 0.00, 0.00
309, 2, 200, 0.00, 0.00, 0.00, 0.00
310, 2, 200, 0.00, 0.00, 0.00, 0.00
311, 2, 200, 0.00, 0.00, 0.00, 0.00
312, 2, 200, 0.00, 0.00, 0.00, 0.00
313, 2, 200, 0.00, 0.00, 0.00, 0.00
314, 2, 200, 0.00, 0.00, 0.00, 0.00
315, 2, 200, 0.00, 0.00, 0.00, 0.00
316, 2, 200, 0.00, 0.00, 0.00, 0.00
317, 2, 200, 0.00, 0.00, 0.00, 0.00
318, 2, 200, 0.00, 0.00, 0.00, 0.00
319, 2, 200, 0.00, 0.00, 0.00, 0.00
320, 2, 200, 0.00, 0.00, 0.00, 0.00
321, -1, 174, 0.00, 0.00, 0.00, 0.00
322, 2, 200, 0.00, 0.00, 0.00, 0.00
323, 2, 200, 0.00, 0.00, 0.00, 0.00
324, 2, 200, 0.00, 0.00, 0.00, 0.00
325, 2, 200, 0.00, 0.00, 0.00, 0.00
326, 2, 200, 0.00, 0.00, 0.00, 0.00
327, -1, 74, 0.00, 0.00, 0.00, 0.00
328, 2, 200, 0.00, 0.00, 0.00, 0.00
329, 2, 200, 0.00, 0.00, 0.00, 0.00
330, 2, 200, 0.00, 0.00, 0.00, 0.00
331, 2, 200, 0.00, 0.00, 0.00, 0.00
332, 2, 200, 0.00, 0.00, 0.00, 0.00
333, 2, 200, 0.00, 0.00, 0.00, 0.00
334, 2, 200, 0.00, 0.00, 0.00, 0.00
335, 2, 200, 0.00, 0.00, 0.00, 0.00
336, 2, 200, 0.00, 0.00, 0.00, 0.00
337, 2, 200, 0.00, 0.00, 0.00, 0.00
338, 2, 200, 0.00, 0.00, 0.00, 0.00
339, 2, 200, 0.00, 0.00, 0.00, 0.00
340, 2, 200, 0.00, 0.00, 0.00, 0.00
341, 2, 200, 0.00, 0.00, 0.00, 0.00
342, 2, 200, 0.00, 0.00, 0.00, 0.00
343, 2, 200, 0.00, 0.00, 0.00, 0.00
344, 2, 200, 0.00, 0.00, 0.00, 0.00
345, 2, 200, 0.00, 0.00, 0.00, 0.00
346, 2, 200, 0.00, 0.00, 0.00, 0.00
347, 2, 200, 0.00, 0.00, 0.00, 0.00
348, 2, 200, 0.00, 0.00, 0.00, 0.00
349, 2, 200, 0.00, 0.00, 0.00, 0.00
350, 2, 200, 0.00, 0.00, 0.00, 0.00
351, 2, 200, 0.00, 0.00, 0.00, 0.00
352, 2, 200, 0.00, 0.00, 0.00, 0.00
353, 2, 200, 0.00, 0.00, 0.00, 0.00
354, 2, 200, 0.00, 0.00, 0.00, 0.00
355, 2, 200, 0.00, 0.00, 0.00, 0.00
356, 2, 200, 0.00, 0.00, 0.00, 0.00
357, 2, 200, 0.00, 0.00, 0.00, 0.00
358, 2, 200, 0.00, 0.00, 0.00, 0.00
359, 2, 200, 0.00, 0.00, 0.00, 0.00
360, 2, 200, 0.00, 0.00, 0.00, 0.00
361, 2, 200, 0.00, 0.00, 0.00, 0.00
362, 2, 200, 0.00, 0.00, 0.00, 0.00
363, 2, 200, 0.00, 0.00, 0.00, 0.00
364, 2, 200, 0.00, 0.00, 0.00, 0.00
365, 2, 200, 0.00, 0.00, 0.00, 0.00
366, 2, 200, 0.00, 0.00, 0.00, 0.00
367, 2, 200, 0.00, 0.00, 0.00, 0.00
368, 2, 200, 0.00, 0.00, 0.00, 0.00
369, 2, 200, 0.00, 0.00, 0.00, 0.00
370, 2, 200, 0.00, 0.00, 0.00, 0.00
371, 2, 200, 0.00, 0.00, 0.00, 0.00
372, -1, 90, 0.00, 0.00, 0.00, 0.00
373, 2, 200, 0.00, 0.00, 0.00, 0.00
374, 2, 200, 0.00, 0.00, 0.00, 0.00
375, -1, 130, 0.00, 0.00, 0.00, 0.00
376, 2, 200, 0.00, 0.00, 0.00, 0.00
377, 2, 200, 0.00, 0.00, 0.00, 0.00
378, 2, 200, 0.00, 0.00, 0.00, 0.00
379, 2, 200, 0.00, 0.00, 0.00, 0.00
380, 2, 200, 0.00, 0.00, 0.00, 0.00
381, 2, 200, 0.00, 0.00, 0.00, 0.00
382, 2, 200, 0.00, 0.00, 0.00, 0.00
383, 2, 200, 0.00, 0.00, 0.00, 0.00
384, 2, 200, 0.00, 0.00, 0.00, 0.00
385, 2, 200, 0.00, 0.00, 0.00, 0.00
386, 2, 200, 0.00, 0.00, 0.00, 0.00
387, 2, 200, 0.00, 0.00, 0.00, 0.00
388, 2, 200, 0.00, 0.00, 0.00, 0.00
389, 2, 200, 0.00, 0.00, 0.00, 0.00
390, 2, 200, 0.00, 0.00, 0.00, 0.00
391, 2, 200, 0.00, 0.00, 0.00, 0.00
392, 2, 200, 0.00, 0.00, 0.00, 0.00
393, 2, 200, 0.00, 0.00, 0.00, 0.00
394, 2, 200, 0.00, 0.00, 0.00, 0.00
395, -1, 108, 0.00, 0.00, 0.00, 0.00
396, -1, 168, 0.00, 0.00, 0.00, 0.00
397, 2, 200, 0.00, 0.00, 0.00, 0.00
398, 2, 200, 0.00, 0.00, 0.00, 0.00
399, 2, 200, 0.00, 0.00, 0.00, 0.00
400, 2, 200, 0.00, 0.00, 0.00, 0.00
401, 2, 200, 0.00, 0.00, 0.00, 0.00
402, 2, 200, 0.00, 0.00, 0.00, 0.00
403, 2, 200, 0.00, 0.00, 0.00, 0.00
404, 2, 200, 0.00, 0.00, 0.00, 0.00
405, 2, 200, 0.00, 0.00, 0.00, 0.00
406, 2, 200, 0.00, 0.00, 0.00, 0.00
407, 2, 200, 0.00, 0.00, 0.00, 0.00
408, 2, 200, 0.00, 0.00, 0.00, 0.00
409, 2, 200, 0.00, 0.00, 0.00, 0.00
410, -1, 198, 0.00, 0.00, 0.00, 0.00
411, 2, 200, 0.00, 0.00, 0.00, 0.00
412, 2, 200, 0.00, 0.00, 0.00, 0.00
413, -1, 38, 0.00, 0.00, 0.00, 0.00
414, -1, 118, 0.00, 0.00, 0.00, 0.00
415, 2, 200, 0.00, 0.00, 0.00, 0.00
416, 2, 200, 0.00, 0.00, 0.00, 0.00
417, 2, 200, 0.00, 0.00, 0.00, 0.00
418, 2, 200, 0.00, 0.00, 0.00, 0.00
419, 2, 200, 0.00, 0.00, 0.00, 0.00
420, 2, 200, 0.00, 0.00, 0.00, 0.00
421, -1, 58, 0.00, 0.00, 0.00, 0.00
422, 2, 200, 0.00, 0.00, 0.00, 0.00
423, 2, 200, 0.00, 0.00, 0.00, 0.00
424, 2, 200, 0.00, 0.00, 0.00, 0.00
425, 2, 200, 0.00, 0.00, 0.00, 0.00
426, 2, 200, 0.00, 0.00, 0.00, 0.00
427, 2, 200, 0.00, 0.00, 0.00, 0.00
428, 2, 200, 0.00, 0.00, 0.00, 0.00
429, 2, 200, 0.00, 0.00, 0.00, 0.00
430, 2, 200, 0.00, 0.00, 0.00, 0.00
431, 2, 200, 0.00, 0.00, 0.00, 0.00
432, 2, 200, 0.00, 0.00, 0.00, 0.00
433, 2, 200, 0.00, 0.00, 0.00, 0.00
434, 2, 200, 0.00, 0.00, 0.00, 0.00
435, 2, 200, 0.00, 0.00, 0.00, 0.00
436, 2, 200, 0.00, 0.00, 0.00, 0.00
437, 2, 200, 0.00, 0.00, 0.00, 0.00
438, 2, 200, 0.00, 0.00, 0.00, 0.00
439, 2, 200, 0.00, 0.00, 0.00, 0.00
440, 2, 200, 0.00, 0.00, 0.00, 0.00
441, 2, 200, 0.00, 0.00, 0.00, 0.00
442, 2, 200, 0.00, 0.00, 0.00, 0.00
443, 2, 200, 0.00, 0.00, 0.00, 0.00
444, 2, 200, 0.00, 0.00, 0.00, 0.00
445, 2, 200, 0.00, 0.00, 0.00, 0.00
446, 2, 200, 0.00, 0.00, 0.00, 0.00
447, 2, 200, 0.00, 0.00, 0.00, 0.00
448, 2, 200, 0.00, 0.00, 0.00, 0.00
449, 2, 200, 0.00, 0.00, 0.00, 0.00
450, 2, 200, 0.00, 0.00, 0.00, 0.00
451, -1, 184, 0.00, 0.00, 0.00, 0.00
452, 2, 200, 0.00, 0.00, 0.00, 0.00
453, -1, 128, 0.00, 0.00, 0.00, 0.00
454, 2, 200, 0.00, 0.00, 0.00, 0.00
455, 2, 200, 0.00, 0.00, 0.00, 0.00
456, 2, 200, 0.00, 0.00, 0.00, 0.00
457, 2, 200, 0.00, 0.00, 0.00, 0.00
458, 2, 200, 0.00, 0.00, 0.00, 0.00
459, -1, 164, 0.00, 0.00, 0.00, 0.00
460, 2, 200, 0.00, 0.00, 0.00, 0.00
461, -1, 146, 0.00, 0.00, 0.00, 0.00
462, 2, 200, 0.00, 0.00, 0.00, 0.00
463, 2, 200, 0.00, 0.00, 0.00, 0.00
464, 2, 200, 0.00, 0.00, 0.00, 0.00
465, 1, 141, 0.00, 0.00, 0.00, 0.00
466, 2, 200, 0.00, 0.00, 0.00, 0.00
467, 2, 200, 0.00, 0.00, 0.00, 0.00
468, 2, 200, 0.00, 0.00, 0.00, 0.00
469, 2, 200, 0.00, 0.00, 0.00, 0.00
470, -1, 72, 0.00, 0.00, 0.00, 0.00
471, 2, 200, 0.00, 0.00, 0.00, 0.00
472, -1, 154, 0.00, 0.00, 0.00, 0.00
473, 2, 200, 0.00, 0.00, 0.00, 0.00
474, -1, 192, 0.00, 0.00, 0.00, 0.00
475, 2, 200, 0.00, 0.00, 0.00, 0.00
476, 2, 200, 0.00, 0.00, 0.00, 0.00
477, 2, 200, 0.00, 0.00, 0.00, 0.00
478, 2, 200, 0.00, 0.00, 0.00, 0.00
479, 2, 200, 0.00, 0.00, 0.00, 0.00
480, 2, 200, 0.00, 0.00, 0.00, 0.00
481, 2, 200, 0.00, 0.00, 0.00, 0.00
482, 2, 200, 0.00, 0.00, 0.00, 0.00
483, 2, 200, 0.00, 0.00, 0.00, 0.00
484, 2, 200, 0.00, 0.00, 0.00, 0.00
485, 2, 200, 0.00, 0.00, 0.00, 0.00
486, 2, 200, 0.00, 0.00, 0.00, 0.00
487, 2, 200, 0.00, 0.00, 0.00, 0.00
488, -1, 190, 0.00, 0.00, 0.00, 0.00
489, 2, 200, 0.00, 0.00, 0.00, 0.00
490, 2, 200, 0.00, 0.00, 0.00, 0.00
491, -1, 94, 0.00, 0.00, 0.00, 0.00
492, 2, 200, 0.00, 0.00, 0.00, 0.00
493, 2, 200, 0.00, 0.00, 0.00, 0.00
494, 2, 200, 0.00, 0.00, 0.00, 0.00
495, 2, 200, 0.00, 0.00, 0.00, 0.00
496, 2, 200, 0.00, 0.00, 0.00, 0.00
497, -1, 82, 0.00, 0.00, 0.00, 0.00
498, 2, 200, 0.00, 0.00, 0.00, 0.00
499, 2, 200, 0.00, 0.00, 0.00, 0.00
500, 2, 200, 0.00, 0.00, 0.00, 0.00
501, 2, 200, 0.00, 0.00, 0.00, 0.00
502, 2, 200, 0.00, 0.00, 0.00, 0.00
503, 2, 200, 0.00, 0.00, 0.00, 0.00
504, 2, 200, 0.00, 0.00, 0.00, 0.00
505, 2, 200, 0.00, 0.00, 0.00, 0.00
506, 2, 200, 0.00, 0.00, 0.00, 0.00
507, -1, 110, 0.00, 0.00, 0.00, 0.00
508, 2, 200, 0.00, 0.00, 0.00, 0.00
509, 2, 200, 0.00, 0.00, 0.00, 0.00
510, 2, 200, 0.00, 0.00, 0.00, 0.00
511, 2, 200, 0.00, 0.00, 0.00, 0.00
512, 2, 200, 0.00, 0.00, 0.00, 0.00
513, 2, 200, 0.00, 0.00, 0.00, 0.00
514, 2, 200, 0.00, 0.00, 0.00, 0.00
515, 2, 200, 0.00, 0.00, 0.00, 0.00
516, 2, 200, 0.00, 0.00, 0.00, 0.00
517, 2, 200, 0.00, 0.00, 0.00, 0.00
518, 2, 200, 0.00, 0.00, 0.00, 0.00
519, 2, 200, 0.00, 0.00, 0.00, 0.00
520, -1, 150, 0.00, 0.00, 0.00, 0.00
521, 2, 200, 0.00, 0.00, 0.00, 0.00
522, 2, 200, 0.00, 0.00, 0.00, 0.00
523, 2, 200, 0.00, 0.00, 0.00, 0.00
524, 2, 200, 0.00, 0.00, 0.00, 0.00
525, 2, 200, 0.00, 0.00, 0.00, 0.00
526, 2, 200, 0.00, 0.00, 0.00, 0.00
527, 2, 200, 0.00, 0.00, 0.00, 0.00
528, 2, 200, 0.00, 0.00, 0.00, 0.00
529, 2, 200, 0.00, 0.00, 0.00, 0.00
530, 2, 200, 0.00, 0.00, 0.00, 0.00
531, 2, 200, 0.00, 0.00, 0.00, 0.00
532, 2, 200, 0.00, 0.00, 0.00, 0.00
533, 2, 200, 0.00, 0.00, 0.00, 0.00
534, 2, 200, 0.00, 0.00, 0.00, 0.00
535, 2, 200, 0.00, 0.00, 0.00, 0.00
536, 2, 200, 0.00, 0.00, 0.00, 0.00
537, 2, 200, 0.00, 0.00, 0.00, 0.00
538, 2, 200, 0.00, 0.00, 0.00, 0.00
539, 2, 200, 0.00, 0.00, 0.00, 0.00
540, 2, 200, 0.00, 0.00, 0.00, 0.00
541, 2, 200, 0.00, 0.00, 0.00, 0.00
542, 2, 200, 0.00, 0.00, 0.00, 0.00
543, 2, 200, 0.00, 0.00, 0.00, 0.00
544, 2, 200, 0.00, 0.00, 0.00, 0.00
545, 2, 200, 0.00, 0.00, 0.00, 0.00
546, 2, 200, 0.00, 0.00, 0.00, 0.00
547, 2, 200, 0.00, 0.00, 0.00, 0.00
548, 2, 200, 0.00, 0.00, 0.00, 0.00
549, 2, 200, 0.00, 0.00, 0.00, 0.00
550, -1, 168, 0.00, 0.00, 0.00, 0.00
551, 2, 200, 0.00, 0.00, 0.00, 0.00
552, 2, 200, 0.00, 0.00, 0.00, 0.00
553, 2, 200, 0.00, 0.00, 0.00, 0.00
554, 2, 200, 0.00, 0.00, 0.00, 0.00
555, 2, 200, 0.00, 0.00, 0.00, 0.00
556, 2, 200, 0.00, 0.00, 0.00, 0.00
557, 2, 200, 0.00, 0.00, 0.00, 0.00
558, 2, 200, 0.00, 0.00, 0.00, 0.00
559, 2, 200, 0.00, 0.00, 0.00, 0.00
560, 2, 200, 0.00, 0.00, 0.00, 0.00
561, 2, 200, 0.00, 0.00, 0.00, 0.00
562, 2, 200, 0.00, 0.00, 0.00, 0.00
563, 2, 200, 0.00, 0.00, 0.00, 0.00
564, 2, 200, 0.00, 0.00, 0.00, 0.00
565, 2, 200, 0.00, 0.00, 0.00, 0.00
566, 2, 200, 0.00, 0.00, 0.00, 0.00
567, 2, 200, 0.00, 0.00, 0.00, 0.00
568, 2, 200, 0.00, 0.00, 0.00, 0.00
569, 2, 200, 0.00, 0.00, 0.00, 0.00
570, 2, 200, 0.00, 0.00, 0.00, 0.00
571, 2, 200, 0.00, 0.00, 0.00, 0.00
572, 2, 200, 0.00, 0.00, 0.00, 0.00
573, 2, 200, 0.00, 0.00, 0.00, 0.00
574, 2, 200, 0.00, 0.00, 0.00, 0.00
575, 2, 200, 0.00, 0.00, 0.00, 0.00
576, 2, 200, 0.00, 0.00, 0.00, 0.00
577, 2, 200, 0.00, 0.00, 0.00, 0.00
578, 2, 200, 0.00, 0.00, 0.00, 0.00
579, 2, 200, 0.00, 0.00, 0.00, 0.00
580, 2, 200, 0.00, 0.00, 0.00, 0.00
581, 2, 200, 0.00, 0.00, 0.00, 0.00
582, 2, 200, 0.00, 0.00, 0.00, 0.00
583, 2, 200, 0.00, 0.00, 0.00, 0.00
584, 2, 200, 0.00, 0.00, 0.00, 0.00
585, 2, 200, 0.00, 0.00, 0.00, 0.00
586, 2, 200, 0.00, 0.00, 0.00, 0.00
587, 2, 200, 0.00, 0.00, 0.00, 0.00
588, 2, 200, 0.00, 0.00, 0.00, 0.00
589, 2, 200, 0.00, 0.00, 0.00, 0.00
590, 2, 200, 0.00, 0.00, 0.00, 0.00
591, -1, 200, 0.00, 0.00, 0.00, 0.00
592, 2, 200, 0.00, 0.00, 0.00, 0.00
593, 2, 200, 0.00, 0.00, 0.00, 0.00
594, 2, 200, 0.00, 0.00, 0.00, 0.00
595, 2, 200, 0.00, 0.00, 0.00, 0.00
596, 2, 200, 0.00, 0.00, 0.00, 0.00
597, 2, 200, 0.00, 0.00, 0.00, 0.00
598, 2, 200, 0.00, 0.00, 0.00, 0.00
599, 2, 200, 0.00, 0.00, 0.00, 0.00
600, 2, 200, 0.00, 0.00, 0.00, 0.00
601, 2, 200, 0.00, 0.00, 0.00, 0.00
602, 2, 200, 0.00, 0.00, 0.00, 0.00
603, 2, 200, 0.00, 0.00, 0.00, 0.00
604, 2, 200, 0.00, 0.00, 0.00, 0.00
605, 2, 200, 0.00, 0.00, 0.00, 0.00
606, 2, 200, 0.00, 0.00, 0.00, 0.00
607, 2, 200, 0.00, 0.00, 0.00, 0.00
608, 2, 200, 0.00, 0.00, 0.00, 0.00
609, 2, 200, 0.00, 0.00, 0.00, 0.00
610, 2, 200, 0.00, 0.00, 0.00, 0.00
611, 2, 200, 0.00, 0.00, 0.00, 0.00
612, 2, 200, 0.00, 0.00, 0.00, 0.00
613, 2, 200, 0.00, 0.00, 0.00, 0.00
614, 2, 200, 0.00, 0.00, 0.00, 0.00
615, 2, 200, 0.00, 0.00, 0.00, 0.00
616, -1, 178, 0.00, 0.00, 0.00, 0.00
617, 2, 200, 0.00, 0.00, 0.00, 0.00
618, 2, 200, 0.00, 0.00, 0.00, 0.00
619, 2, 200, 0.00, 0.00, 0.00, 0.00
620, 2, 200, 0.00, 0.00, 0.00, 0.00
621, 2, 200, 0.00, 0.00, 0.00, 0.00
622, 2, 200, 0.00, 0.00, 0.00, 0.00
623, 2, 200, 0.00, 0.00, 0.00, 0.00
624, 2, 200, 0.00, 0.00, 0.00, 0.00
625, 2, 200, 0.00, 0.00, 0.00, 0.00
626, 2, 200, 0.00, 0.00, 0.00, 0.00
627, 2, 200, 0.00, 0.00, 0.00, 0.00
628, 2, 200, 0.00, 0.00, 0.00, 0.00
629, 2, 200, 0.00, 0.00, 0.00, 0.00
630, 2, 200, 0.00, 0.00, 0.00, 0.00
631, 2, 200, 0.00, 0.00, 0.00, 0.00
632, 2, 200, 0.00, 0.00, 0.00, 0.00
633, 2, 200, 0.00, 0.00, 0.00, 0.00
634, 2, 200, 0.00, 0.00, 0.00, 0.00
635, 2, 200, 0.00, 0.00, 0.00, 0.00
636, -1, 194, 0.00, 0.00, 0.00, 0.00
637, 2, 200, 0.00, 0.00, 0.00, 0.00
638, -1, 174, 0.00, 0.00, 0.00, 0.00
639, -1, 194, 0.00, 0.00, 0.00, 0.00
640, 2, 200, 0.00, 0.00, 0.00, 0.00
641, 2, 200, 0.00, 0.00, 0.00, 0.00
642, 2, 200, 0.00, 0.00, 0.00, 0.00
643, 2, 200, 0.00, 0.00, 0.00, 0.00
644, 2, 200, 0.00, 0.00, 0.00, 0.00
645, 2, 200, 0.00, 0.00, 0.00, 0.00
646, 2, 200, 0.00, 0.00, 0.00, 0.00
647, 2, 200, 0.00, 0.00, 0.00, 0.00
648, 2, 200, 0.00, 0.00, 0.00, 0.00
649, 2, 200, 0.00, 0.00, 0.00, 0.00
650, 2, 200, 0.00, 0.00, 0.00, 0.00
651, 2, 200, 0.00, 0.00, 0.00, 0.00
652, 2, 200, 0.00, 0.00, 0.00, 0.00
653, 2, 200, 0.00, 0.00, 0.00, 0.00
654, 2, 200, 0.00, 0.00, 0.00, 0.00
655, -1, 194, 0.00, 0.00, 0.00, 0.00
656, 2, 200, 0.00, 0.00, 0.00, 0.00
657, 2, 200, 0.00, 0.00, 0.00, 0.00
658, 2, 200, 0.00, 0.00, 0.00, 0.00
659, 2, 200, 0.00, 0.00, 0.00, 0.00
660, 2, 200, 0.00, 0.00, 0.00, 0.00
661, 2, 200, 0.00, 0.00, 0.00, 0.00
662, 2, 200, 0.00, 0.00, 0.00, 0.00
663, 2, 200, 0.00, 0.00, 0.00, 0.00
664, 2, 200, 0.00, 0.00, 0.00, 0.00
665, 2, 200, 0.00, 0.00, 0.00, 0.00
666, -1, 172, 0.00, 0.00, 0.00, 0.00
667, 2, 200, 0.00, 0.00, 0.00, 0.00
668, 2, 200, 0.00, 0.00, 0.00, 0.00
669, 2, 200, 0.00, 0.00, 0.00, 0.00
670, 2, 200, 0.00, 0.00, 0.00, 0.00
671, -1, 128, 0.00, 0.00, 0.00, 0.00
672, 2, 200, 0.00, 0.00, 0.00, 0.00
673, 2, 200, 0.00, 0.00, 0.00, 0.00
674, 2, 200, 0.00, 0.00, 0.00, 0.00
675, 2, 200, 0.00, 0.00, 0.00, 0.00
676, 2, 200, 0.00, 0.00, 0.00, 0.00
677, 2, 200, 0.00, 0.00, 0.00, 0.00
678, 2, 200, 0.00, 0.00, 0.00, 0.00
679, 2, 200, 0.00, 0.00, 0.00, 0.00
680, 2, 200, 0.00, 0.00, 0.00, 0.00
681, 2, 200, 0.00, 0.00, 0.00, 0.00
682, 2, 200, 0.00, 0.00, 0.00, 0.00
683, 2, 200, 0.00, 0.00, 0.00, 0.00
684, 2, 200, 0.00, 0.00, 0.00, 0.00
685, 2, 200, 0.00, 0.00, 0.00, 0.00
686, 2, 200, 0.00, 0.00, 0.00, 0.00
687, 2, 200, 0.00, 0.00, 0.00, 0.00
688, 2, 200, 0.00, 0.00, 0.00, 0.00
689, 2, 200, 0.00, 0.00, 0.00, 0.00
690, 1, 147, 0.00, 0.00, 0.00, 0.00
691, 2, 200, 0.00, 0.00, 0.00, 0.00
692, 1, 153, 0.00, 0.00, 0.00, 0.00
693, 2, 200, 0.00, 0.00, 0.00, 0.00
694, 2, 200, 0.00, 0.00, 0.00, 0.00
695, 2, 200, 0.00, 0.00, 0.00, 0.00
696, 2, 200, 0.00, 0.00, 0.00, 0.00
697, 2, 200, 0.00, 0.00, 0.00, 0.00
698, 2, 200, 0.00, 0.00, 0.00, 0.00
699, 2, 200, 0.00, 0.00, 0.00, 0.00
700, 2, 200, 0.00, 0.00, 0.00, 0.00
701, 2, 200, 0.00, 0.00, 0.00, 0.00
702, 2, 200, 0.00, 0.00, 0.00, 0.00
703, 2, 200, 0.00, 0.00, 0.00, 0.00
704, 2, 200, 0.00, 0.00, 0.00, 0.00
705, 2, 200, 0.00, 0.00, 0.00, 0.00
706, 2, 200, 0.00, 0.00, 0.00, 0.00
707, 2, 200, 0.00, 0.00, 0.00, 0.00
708, 2, 200, 0.00, 0.00, 0.00, 0.00
709, -1, 188, 0.00, 0.00, 0.00, 0.00
710, 2, 200, 0.00, 0.00, 0.00, 0.00
711, 2, 200, 0.00, 0.00, 0.00, 0.00
712, 2, 200, 0.00, 0.00, 0.00, 0.00
713, 2, 200, 0.00, 0.00, 0.00, 0.00
714, 2, 200, 0.00, 0.00, 0.00, 0.00
715, 2, 200, 0.00, 0.00, 0.00, 0.00
716, 2, 200, 0.00, 0.00, 0.00, 0.00
717, 2, 200, 0.00, 0.00, 0.00, 0.00
718, -1, 198, 0.00, 0.00, 0.00, 0.00
719, 2, 200, 0.00, 0.00, 0.00, 0.00
720, 2, 200, 0.00, 0.00, 0.00, 0.00
721, 2, 200, 0.00, 0.00, 0.00, 0.00
722, 2, 200, 0.00, 0.00, 0.00, 0.00
723, 2, 200, 0.00, 0.00, 0.00, 0.00
724, 2, 200, 0.00, 0.00, 0.00, 0.00
725, 2, 200, 0.00, 0.00, 0.00, 0.00
726, 2, 200, 0.00, 0.00, 0.00, 0.00
727, 2, 200, 0.00, 0.00, 0.00, 0.00
728, 2, 200, 0.00, 0.00, 0.00, 0.00
729, 2, 200, 0.00, 0.00, 0.00, 0.00
730, 2, 200, 0.00, 0.00, 0.00, 0.00
731, 2, 200, 0.00, 0.00, 0.00, 0.00
732, 2, 200, 0.00, 0.00, 0.00, 0.00
733, 2, 200, 0.00, 0.00, 0.00, 0.00
734, 2, 200, 0.00, 0.00, 0.00, 0.00
735, 2, 200, 0.00, 0.00, 0.00, 0.00
736, 2, 200, 0.00, 0.00, 0.00, 0.00
737, 2, 200, 0.00, 0.00, 0.00, 0.00
738, 2, 200, 0.00, 0.00, 0.00, 0.00
739, -1, 158, 0.00, 0.00, 0.00, 0.00
740, 2, 200, 0.00, 0.00, 0.00, 0.00
741, 2, 200, 0.00, 0.00, 0.00, 0.00
742, 2, 200, 0.00, 0.00, 0.00, 0.00
743, 2, 200, 0.00, 0.00, 0.00, 0.00
744, 2, 200, 0.00, 0.00, 0.00, 0.00
745, 2, 200, 0.00, 0.00, 0.00, 0.00
746, 2, 200, 0.00, 0.00, 0.00, 0.00
747, 2, 200, 0.00, 0.00, 0.00, 0.00
748, 2, 200, 0.00, 0.00, 0.00, 0.00
749, 2, 200, 0.00, 0.00, 0.00, 0.00
750, 2, 200, 0.00, 0.00, 0.00, 0.00
751, 2, 200, 0.00, 0.00, 0.00, 0.00
752, 2, 200, 0.00, 0.00, 0.00, 0.00
753, 2, 200, 0.00, 0.00, 0.00, 0.00
754, 1, 195, 0.00, 0.00, 0.00, 0.00
755, 2, 200, 0.00, 0.00, 0.00, 0.00
756, 2, 200, 0.00, 0.00, 0.00, 0.00
757, 2, 200, 0.00, 0.00, 0.00, 0.00
758, 2, 200, 0.00, 0.00, 0.00, 0.00
759, 2, 200, 0.00, 0.00, 0.00, 0.00
760, -1, 194, 0.00, 0.00, 0.00, 0.00
761, 2, 200, 0.00, 0.00, 0.00, 0.00
762, 2, 200, 0.00, 0.00, 0.00, 0.00
763, 2, 200, 0.00, 0.00, 0.00, 0.00
764, 2, 200, 0.00, 0.00, 0.00, 0.00
765, 2, 200, 0.00, 0.00, 0.00, 0.00
766, 2, 200, 0.00, 0.00, 0.00, 0.00
767, 2, 200, 0.00, 0.00, 0.00, 0.00
768, 2, 200, 0.00, 0.00, 0.00, 0.00
769, 2, 200, 0.00, 0.00, 0.00, 0.00
770, 2, 200, 0.00, 0.00, 0.00, 0.00
771, 2, 200, 0.00, 0.00, 0.00, 0.00
772, 2, 200, 0.00, 0.00, 0.00, 0.00
773, 2, 200, 0.00, 0.00, 0.00, 0.00
774, 2, 200, 0.00, 0.00, 0.00, 0.00
775, 2, 200, 0.00, 0.00, 0.00, 0.00
776, 2, 200, 0.00, 0.00, 0.00, 0.00
777, 2, 200, 0.00, 0.00, 0.00, 0.00
778, 2, 200, 0.00, 0.00, 0.00, 0.00
779, 2, 200, 0.00, 0.00, 0.00, 0.00
780, 2, 200, 0.00, 0.00, 0.00, 0.00
781, 2, 200, 0.00, 0.00, 0.00, 0.00
782, 1, 103, 0.00, 0.00, 0.00, 0.00
783, 2, 200, 0.00, 0.00, 0.00, 0.00
784, 2, 200, 0.00, 0.00, 0.00, 0.00
785, 2, 200, 0.00, 0.00, 0.00, 0.00
786, 2, 200, 0.00, 0.00, 0.00, 0.00
787, 2, 200, 0.00, 0.00, 0.00, 0.00
788, 2, 200, 0.00, 0.00, 0.00, 0.00
789, 2, 200, 0.00, 0.00, 0.00, 0.00
790, 2, 200, 0.00, 0.00, 0.00, 0.00
791, 2, 200, 0.00, 0.00, 0.00, 0.00
792, 2, 200, 0.00, 0.00, 0.00, 0.00
793, 2, 200, 0.00, 0.00, 0.00, 0.00
794, 2, 200, 0.00, 0.00, 0.00, 0.00
795, 2, 200, 0.00, 0.00, 0.00, 0.00
796, 2, 200, 0.00, 0.00, 0.00, 0.00
797, 2, 200, 0.00, 0.00, 0.00, 0.00
798, 2, 200, 0.00, 0.00, 0.00, 0.00
799, 2, 200, 0.00, 0.00, 0.00, 0.00
800, 2, 200, 0.00, 0.00, 0.00, 0.00
801, 2, 200, 0.00, 0.00, 0.00, 0.00
802, 2, 200, 0.00, 0.00, 0.00, 0.00
803, 2, 200, 0.00, 0.00, 0.00, 0.00
804, 2, 200, 0.00, 0.00, 0.00, 0.00
805, 2, 200, 0.00, 0.00, 0.00, 0.00
806, 2, 200, 0.00, 0.00, 0.00, 0.00
807, 2, 200, 0.00, 0.00, 0.00, 0.00
808, 2, 200, 0.00, 0.00, 0.00, 0.00
809, 2, 200, 0.00, 0.00, 0.00, 0.00
810, 2, 200, 0.00, 0.00, 0.00, 0.00
811, 2, 200, 0.00, 0.00, 0.00, 0.00
812, -1, 90, 0.00, 0.00, 0.00, 0.00
813, 2, 200, 0.00, 0.00, 0.00, 0.00
814, 2, 200, 0.00, 0.00, 0.00, 0.00
815, 2, 200, 0.00, 0.00, 0.00, 0.00
816, -1, 148, 0.00, 0.00, 0.00, 0.00
817, 2, 200, 0.00, 0.00, 0.00, 0.00
818, 2, 200, 0.00, 0.00, 0.00, 0.00
819, 2, 200, 0.00, 0.00, 0.00, 0.00
820, -1, 150, 0.00, 0.00, 0.00, 0.00
821, 2, 200, 0.00, 0.00, 0.00, 0.00
822, 2, 200, 0.00, 0.00, 0.00, 0.00
823, 2, 200, 0.00, 0.00, 0.00, 0.00
824, 2, 200, 0.00, 0.00, 0.00, 0.00
825, -1, 152, 0.00, 0.00, 0.00, 0.00
826, 2, 200, 0.00, 0.00, 0.00, 0.00
827, 2, 200, 0.00, 0.00, 0.00, 0.00
828, 2, 200, 0.00, 0.00, 0.00, 0.00
829, 2, 200, 0.00, 0.00, 0.00, 0.00
830, 2, 200, 0.00, 0.00, 0.00, 0.00
831, 2, 200, 0.00, 0.00, 0.00, 0.00
832, 2, 200, 0.00, 0.00, 0.00, 0.00
833, 2, 200, 0.00, 0.00, 0.00, 0.00
834, 2, 200, 0.00, 0.00, 0.00, 0.00
835, 2, 200, 0.00, 0.00, 0.00, 0.00
836, 2, 200, 0.00, 0.00, 0.00, 0.00
837, 2, 200, 0.00, 0.00, 0.00, 0.00
838, -1, 194, 0.00, 0.00, 0.00, 0.00
839, 2, 200, 0.00, 0.00, 0.00, 0.00
840, 2, 200, 0.00, 0.00, 0.00, 0.00
841, 2, 200, 0.00, 0.00, 0.00, 0.00
842, 2, 200, 0.00, 0.00, 0.00, 0.00
843, 2, 200, 0.00, 0.00, 0.00, 0.00
844, 2, 200, 0.00, 0.00, 0.00, 0.00
845, 2, 200, 0.00, 0.00, 0.00, 0.00
846, 2, 200, 0.00, 0.00, 0.00, 0.00
847, -1, 188, 0.00, 0.00, 0.00, 0.00
848, 2, 200, 0.00, 0.00, 0.00, 0.00
849, 2, 200, 0.00, 0.00, 0.00, 0.00
850, 2, 200, 0.00, 0.00, 0.00, 0.00
851, 2, 200, 0.00, 0.00, 0.00, 0.00
852, 2, 200, 0.00, 0.00, 0.00, 0.00
853, 2, 200, 0.00, 0.00, 0.00, 0.00
854, -1, 130, 0.00, 0.00, 0.00, 0.00
855, 2, 200, 0.00, 0.00, 0.00, 0.00
856, 2, 200, 0.00, 0.00, 0.00, 0.00
857, 2, 200, 0.00, 0.00, 0.00, 0.00
858, 2, 200, 0.00, 0.00, 0.00, 0.00
859, -1, 178, 0.00, 0.00, 0.00, 0.00
860, 2, 200, 0.00, 0.00, 0.00, 0.00
861, 2, 200, 0.00, 0.00, 0.00, 0.00
862, 2, 200, 0.00, 0.00, 0.00, 0.00
863, 2, 200, 0.00, 0.00, 0.00, 0.00
864, 2, 200, 0.00, 0.00, 0.00, 0.00
865, 2, 200, 0.00, 0.00, 0.00, 0.00
866, -1, 184, 0.00, 0.00, 0.00, 0.00
867, 2, 200, 0.00, 0.00, 0.00, 0.00
868, 2, 200, 0.00, 0.00, 0.00, 0.00
869, 2, 200, 0.00, 0.00, 0.00, 0.00
870, 2, 200, 0.00, 0.00, 0.00, 0.00
871, 2, 200, 0.00, 0.00, 0.00, 0.00
872, 2, 200, 0.00, 0.00, 0.00, 0.00
873, -1, 140, 0.00, 0.00, 0.00, 0.00
874, 2, 200, 0.00, 0.00, 0.00, 0.00
875, -1, 170, 0.00, 0.00, 0.00, 0.00
876, 2, 200, 0.00, 0.00, 0.00, 0.00
877, 2, 200, 0.00, 0.00, 0.00, 0.00
878, 2, 200, 0.00, 0.00, 0.00, 0.00
879, 2, 200, 0.00, 0.00, 0.00, 0.00
880, 2, 200, 0.00, 0.00, 0.00, 0.00
881, 2, 200, 0.00, 0.00, 0.00, 0.00
882, 2, 200, 0.00, 0.00, 0.00, 0.00
883, 2, 200, 0.00, 0.00, 0.00, 0.00
884, 2, 200, 0.00, 0.00, 0.00, 0.00
885, -1, 122, 0.00, 0.00, 0.00, 0.00
886, 2, 200, 0.00, 0.00, 0.00, 0.00
887, 2, 200, 0.00, 0.00, 0.00, 0.00
888, 2, 200, 0.00, 0.00, 0.00, 0.00
889, 2, 200, 0.00, 0.00, 0.00, 0.00
890, 2, 200, 0.00, 0.00, 0.00, 0.00
891, 2, 200, 0.00, 0.00, 0.00, 0.00
892, 2, 200, 0.00, 0.00, 0.00, 0.00
893, 2, 200, 0.00, 0.00, 0.00, 0.00
894, 2, 200, 0.00, 0.00, 0.00, 0.00
895, 2, 200, 0.00, 0.00, 0.00, 0.00
896, -1, 184, 0.00, 0.00, 0.00, 0.00
897, -1, 160, 0.00, 0.00, 0.00, 0.00
898, 2, 200, 0.00, 0.00, 0.00, 0.00
899, 2, 200, 0.00, 0.00, 0.00, 0.00
900, 2, 200, 0.00, 0.00, 0.00, 0.00
901, -1, 184, 0.00, 0.00, 0.00, 0.00
902, 2, 200, 0.00, 0.00, 0.00, 0.00
903, 2, 200, 0.00, 0.00, 0.00, 0.00
904, 2, 200, 0.00, 0.00, 0.00, 0.00
905, 2, 200, 0.00, 0.00, 0.00, 0.00
906, 2, 200, 0.00, 0.00, 0.00, 0.00
907, 2, 200, 0.00, 0.00, 0.00, 0.00
908, 2, 200, 0.00, 0.00, 0.00, 0.00
909, 2, 200, 0.00, 0.00, 0.00, 0.00
910, 2, 200, 0.00, 0.00, 0.00, 0.00
911, 2, 200, 0.00, 0.00, 0.00, 0.00
912, 2, 200, 0.00, 0.00, 0.00, 0.00
913, -1, 184, 0.00, 0.00, 0.00, 0.00
914, 2, 200, 0.00, 0.00, 0.00, 0.00
915, 2, 200, 0.00, 0.00, 0.00, 0.00
916, 2, 200, 0.00, 0.00, 0.00, 0.00
917, 2, 200, 0.00, 0.00, 0.00, 0.00
918, 2, 200, 0.00, 0.00, 0.00, 0.00
919, 2, 200, 0.00, 0.00, 0.00, 0.00
920, 2, 200, 0.00, 0.00, 0.00, 0.00
921, 2, 200, 0.00, 0.00, 0.00, 0.00
922, 2, 200, 0.00, 0.00, 0.00, 0.00
923, 2, 200, 0.00, 0.00, 0.00, 0.00
924, 2, 200, 0.00, 0.00, 0.00, 0.00
925, 2, 200, 0.00, 0.00, 0.00, 0.00
926, 2, 200, 0.00, 0.00, 0.00, 0.00
927, 2, 200, 0.00, 0.00, 0.00, 0.00
928, 2, 200, 0.00, 0.00, 0.00, 0.00
929, 2, 200, 0.00, 0.00, 0.00, 0.00
930, 2, 200, 0.00, 0.00, 0.00, 0.00
931, 2, 200, 0.00, 0.00, 0.00, 0.00
932, 2, 200, 0.00, 0.00, 0.00, 0.00
933, 2, 200, 0.00, 0.00, 0.00, 0.00
934, 2, 200, 0.00, 0.00, 0.00, 0.00
935, 2, 200, 0.00, 0.00, 0.00, 0.00
936, 2, 200, 0.00, 0.00, 0.00, 0.00
937, 2, 200, 0.00, 0.00, 0.00, 0.00
938, 2, 200, 0.00, 0.00, 0.00, 0.00
939, 2, 200, 0.00, 0.00, 0.00, 0.00
940, 2, 200, 0.00, 0.00, 0.00, 0.00
941, 2, 200, 0.00, 0.00, 0.00, 0.00
942, 2, 200, 0.00, 0.00, 0.00, 0.00
943, 2, 200, 0.00, 0.00, 0.00, 0.00
944, 2, 200, 0.00, 0.00, 0.00, 0.00
945, 2, 200, 0.00, 0.00, 0.00, 0.00
946, 2, 200, 0.00, 0.00, 0.00, 0.00
947, -1, 176, 0.00, 0.00, 0.00, 0.00
948, 2, 200, 0.00, 0.00, 0.00, 0.00
949, 2, 200, 0.00, 0.00, 0.00, 0.00
950, 2, 200, 0.00, 0.00, 0.00, 0.00
951, 2, 200, 0.00, 0.00, 0.00, 0.00
952, 2, 200, 0.00, 0.00, 0.00, 0.00
953, 2, 200, 0.00, 0.00, 0.00, 0.00
954, 2, 200, 0.00, 0.00, 0.00, 0.00
955, 2, 200, 0.00, 0.00, 0.00, 0.00
956, 2, 200, 0.00, 0.00, 0.00, 0.00
957, 2, 200, 0.00, 0.00, 0.00, 0.00
958, 2, 200, 0.00, 0.00, 0.00, 0.00
959, 2, 200, 0.00, 0.00, 0.00, 0.00
960, -1, 66, 0.00, 0.00, 0.00, 0.00
961, 2, 200, 0.00, 0.00, 0.00, 0.00
962, 2, 200, 0.00, 0.00, 0.00, 0.00
963, 2, 200, 0.00, 0.00, 0.00, 0.00
964, 2, 200, 0.00, 0.00, 0.00, 0.00
965, 2, 200, 0.00, 0.00, 0.00, 0.00
966, 2, 200, 0.00, 0.00, 0.00, 0.00
967, 2, 200, 0.00, 0.00, 0.00, 0.00
968, 2, 200, 0.00, 0.00, 0.00, 0.00
969, 2, 200, 0.00, 0.00, 0.00, 0.00
970, -1, 170, 0.00, 0.00, 0.00, 0.00
971, 2, 200, 0.00, 0.00, 0.00, 0.00
972, 2, 200, 0.00, 0.00, 0.00, 0.00
973, 2, 200, 0.00, 0.00, 0.00, 0.00
974, 2, 200, 0.00, 0.00, 0.00, 0.00
975, 2, 200, 0.00, 0.00, 0.00, 0.00
976, 2, 200, 0.00, 0.00, 0.00, 0.00
977, 2, 200, 0.00, 0.00, 0.00, 0.00
978, 2, 200, 0.00, 0.00, 0.00, 0.00
979, -1, 134, 0.00, 0.00, 0.00, 0.00
980, 2, 200, 0.00, 0.00, 0.00, 0.00
981, 2, 200, 0.00, 0.00, 0.00, 0.00
982, 2, 200, 0.00, 0.00, 0.00, 0.00
983, 2, 200, 0.00, 0.00, 0.00, 0.00
984, 2, 200, 0.00, 0.00, 0.00, 0.00
985, -1, 130, 0.00, 0.00, 0.00, 0.00
986, 2, 200, 0.00, 0.00, 0.00, 0.00
987, 2, 200, 0.00, 0.00, 0.00, 0.00
988, 2, 200, 0.00, 0.00, 0.00, 0.00
989, 2, 200, 0.00, 0.00, 0.00, 0.00
990, 2, 200, 0.00, 0.00, 0.00, 0.00
991, 2, 200, 0.00, 0.00, 0.00, 0.00
992, 2, 200, 0.00, 0.00, 0.00, 0.00
993, 2, 200, 0.00, 0.00, 0.00, 0.00
994, 2, 200, 0.00, 0.00, 0.00, 0.00
995, 2, 200, 0.00, 0.00, 0.00, 0.00
996, 2, 200, 0.00, 0.00, 0.00, 0.00
997, 2, 200, 0.00, 0.00, 0.00, 0.00
998, 2, 200, 0.00, 0.00, 0.00, 0.00
999, 2, 200, 0.00, 0.00, 0.00, 0.00
195.28, 19.73, 0.01