Game_ID, Result, num_turns, num_avg_black_nodes, std_black_nodes, num_avg_white_nodes, std_white_nodes
0, -1, 382, 0.00, 0.00, 0.00, 0.00
1, 2, 600, 0.00, 0.00, 0.00, 0.00
2, 2, 600, 0.00, 0.00, 0.00, 0.00
3, 2, 600, 0.00, 0.00, 0.00, 0.00
4, -1, 488, 0.00, 0.00, 0.00, 0.00
5, -1, 204, 0.00, 0.00, 0.00, 0.00
6, 2, 600, 0.00, 0.00, 0.00, 0.00
7, -1, 442, 0.00, 0.00, 0.00, 0.00
8, 2, 600, 0.00, 0.00, 0.00, 0.00
9, 2, 600, 0.00, 0.00, 0.00, 0.00
10, -1, 448, 0.00, 0.00, 0.00, 0.00
11, -1, 234, 0.00, 0.00, 0.00, 0.00
12, -1, 448, 0.00, 0.00, 0.00, 0.00
13, -1, 572, 0.00, 0.00, 0.00, 0.00
14, 2, 600, 0.00, 0.00, 0.00, 0.00
15, -1, 480, 0.00, 0.00, 0.00, 0.00
16, 2, 600, 0.00, 0.00, 0.00, 0.00
17, 2, 600, 0.00, 0.00, 0.00, 0.00
18, -1, 468, 0.00, 0.00, 0.00, 0.00
19, -1, 286, 0.00, 0.00, 0.00, 0.00
20, 2, 600, 0.00, 0.00, 0.00, 0.00
21, -1, 388, 0.00, 0.00, 0.00, 0.00
22, -1, 452, 0.00, 0.00, 0.00, 0.00
23, -1, 422, 0.00, 0.00, 0.00, 0.00
24, -1, 432, 0.00, 0.00, 0.00, 0.00
25, 2, 600, 0.00, 0.00, 0.00, 0.00
26, 2, 600, 0.00, 0.00, 0.00, 0.00
27, -1, 444, 0.00, 0.00, 0.00, 0.00
28, 2, 600, 0.00, 0.00, 0.00, 0.00
29, 2, 600, 0.00, 0.00, 0.00, 0.00
30, -1, 262, 0.00, 0.00, 0.00, 0.00
31, -1, 562, 0.00, 0.00, 0.00, 0.00
32, -1, 340, 0.00, 0.00, 0.00, 0.00
33, -1, 582, 0.00, 0.00, 0.00, 0.00
34, -1, 168, 0.00, 0.00, 0.00, 0.00
35, -1, 422, 0.00, 0.00, 0.00, 0.00
36, 2, 600, 0.00, 0.00, 0.00, 0.00
37, 2, 600, 0.00, 0.00, 0.00, 0.00
38, 2, 600, 0.00, 0.00, 0.00, 0.00
39, 2, 600, 0.00, 0.00, 0.00, 0.00
40, -1, 292, 0.00, 0.00, 0.00, 0.00
41, 2, 600, 0.00, 0.00, 0.00, 0.00
42, -1, 434, 0.00, 0.00, 0.00, 0.00
43, -1, 360, 0.00, 0.00, 0.00, 0.00
44, -1, 124, 0.00, 0.00, 0.00, 0.00
45, 2, 600, 0.00, 0.00, 0.00, 0.00
46, -1, 360, 0.00, 0.00, 0.00, 0.00
47, -1, 386, 0.00, 0.00, 0.00, 0.00
48, -1, 560, 0.00, 0.00, 0.00, 0.00
49, -1, 276, 0.00, 0.00, 0.00, 0.00
50, -1, 566, 0.00, 0.00, 0.00, 0.00
51, -1, 566, 0.00, 0.00, 0.00, 0.00
52, -1, 420, 0.00, 0.00, 0.00, 0.00
53, 2, 600, 0.00, 0.00, 0.00, 0.00
54, -1, 574, 0.00, 0.00, 0.00, 0.00
55, 2, 600, 0.00, 0.00, 0.00, 0.00
56, -1, 436, 0.00, 0.00, 0.00, 0.00
57, -1, 272, 0.00, 0.00, 0.00, 0.00
58, 2, 600, 0.00, 0.00, 0.00, 0.00
59, 2, 600, 0.00, 0.00, 0.00, 0.00
60, 2, 600, 0.00, 0.00, 0.00, 0.00
61, 2, 600, 0.00, 0.00, 0.00, 0.00
62, -1, 238, 0.00, 0.00, 0.00, 0.00
63, -1, 278, 0.00, 0.00, 0.00, 0.00
64, -1, 334, 0.00, 0.00, 0.00, 0.00
65, 2, 600, 0.00, 0.00, 0.00, 0.00
66, -1, 224, 0.00, 0.00, 0.00, 0.00
67, -1, 542, 0.00, 0.00, 0.00, 0.00
68, 2, 600, 0.00, 0.00, 0.00, 0.00
69, -1, 376, 0.00, 0.00, 0.00, 0.00
70, -1, 548, 0.00, 0.00, 0.00, 0.00
71, -1, 520, 0.00, 0.00, 0.00, 0.00
72, 2, 600, 0.00, 0.00, 0.00, 0.00
73, 1, 497, 0.00, 0.00, 0.00, 0.00
74, 2, 600, 0.00, 0.00, 0.00, 0.00
75, 2, 600, 0.00, 0.00, 0.00, 0.00
76, 2, 600, 0.00, 0.00, 0.00, 0.00
77, 2, 600, 0.00, 0.00, 0.00, 0.00
78, -1, 100, 0.00, 0.00, 0.00, 0.00
79, 2, 600, 0.00, 0.00, 0.00, 0.00
80, 2, 600, 0.00, 0.00, 0.00, 0.00
81, 2, 600, 0.00, 0.00, 0.00, 0.00
82, -1, 192, 0.00, 0.00, 0.00, 0.00
83, -1, 456, 0.00, 0.00, 0.00, 0.00
84, -1, 164, 0.00, 0.00, 0.00, 0.00
85, -1, 340, 0.00, 0.00, 0.00, 0.00
86, 2, 600, 0.00, 0.00, 0.00, 0.00
87, 2, 600, 0.00, 0.00, 0.00, 0.00
88, 2, 600, 0.00, 0.00, 0.00, 0.00
89, -1, 344, 0.00, 0.00, 0.00, 0.00
90, 2, 600, 0.00, 0.00, 0.00, 0.00
91, -1, 450, 0.00, 0.00, 0.00, 0.00
92, 2, 600, 0.00, 0.00, 0.00, 0.00
93, 2, 600, 0.00, 0.00, 0.00, 0.00
94, -1, 522, 0.00, 0.00, 0.00, 0.00
95, -1, 204, 0.00, 0.00, 0.00, 0.00
96, 2, 600, 0.00, 0.00, 0.00, 0.00
97, 2, 600, 0.00, 0.00, 0.00, 0.00
98, -1, 242, 0.00, 0.00, 0.00, 0.00
99, 2, 600, 0.00, 0.00, 0.00, 0.00
100, -1, 288, 0.00, 0.00, 0.00, 0.00
101, -1, 272, 0.00, 0.00, 0.00, 0.00
102, -1, 432, 0.00, 0.00, 0.00, 0.00
103, -1, 372, 0.00, 0.00, 0.00, 0.00
104, -1, 286, 0.00, 0.00, 0.00, 0.00
105, -1, 252, 0.00, 0.00, 0.00, 0.00
106, -1, 584, 0.00, 0.00, 0.00, 0.00
107, -1, 264, 0.00, 0.00, 0.00, 0.00
108, -1, 548, 0.00, 0.00, 0.00, 0.00
109, -1, 276, 0.00, 0.00, 0.00, 0.00
110, -1, 138, 0.00, 0.00, 0.00, 0.00
111, 2, 600, 0.00, 0.00, 0.00, 0.00
112, -1, 528, 0.00, 0.00, 0.00, 0.00
113, -1, 394, 0.00, 0.00, 0.00, 0.00
114, -1, 282, 0.00, 0.00, 0.00, 0.00
115, 2, 600, 0.00, 0.00, 0.00, 0.00
116, 2, 600, 0.00, 0.00, 0.00, 0.00
117, -1, 464, 0.00, 0.00, 0.00, 0.00
118, 2, 600, 0.00, 0.00, 0.00, 0.00
119, 2, 600, 0.00, 0.00, 0.00, 0.00
120, 2, 600, 0.00, 0.00, 0.00, 0.00
121, -1, 352, 0.00, 0.00, 0.00, 0.00
122, -1, 404, 0.00, 0.00, 0.00, 0.00
123, 2, 600, 0.00, 0.00, 0.00, 0.00
124, 2, 600, 0.00, 0.00, 0.00, 0.00
125, 2, 600, 0.00, 0.00, 0.00, 0.00
126, -1, 472, 0.00, 0.00, 0.00, 0.00
127, -1, 530, 0.00, 0.00, 0.00, 0.00
128, 2, 600, 0.00, 0.00, 0.00, 0.00
129, -1, 268, 0.00, 0.00, 0.00, 0.00
130, 2, 600, 0.00, 0.00, 0.00, 0.00
131, 2, 600, 0.00, 0.00, 0.00, 0.00
132, -1, 376, 0.00, 0.00, 0.00, 0.00
133, -1, 584, 0.00, 0.00, 0.00, 0.00
134, -1, 410, 0.00, 0.00, 0.00, 0.00
135, 2, 600, 0.00, 0.00, 0.00, 0.00
136, -1, 206, 0.00, 0.00, 0.00, 0.00
137, 2, 600, 0.00, 0.00, 0.00, 0.00
138, -1, 444, 0.00, 0.00, 0.00, 0.00
139, -1, 540, 0.00, 0.00, 0.00, 0.00
140, 2, 600, 0.00, 0.00, 0.00, 0.00
141, -1, 278, 0.00, 0.00, 0.00, 0.00
142, -1, 532, 0.00, 0.00, 0.00, 0.00
143, 2, 600, 0.00, 0.00, 0.00, 0.00
144, -1, 114, 0.00, 0.00, 0.00, 0.00
145, -1, 322, 0.00, 0.00, 0.00, 0.00
146, 2, 600, 0.00, 0.00, 0.00, 0.00
147, -1, 380, 0.00, 0.00, 0.00, 0.00
148, 2, 600, 0.00, 0.00, 0.00, 0.00
149, -1, 558, 0.00, 0.00, 0.00, 0.00
150, -1, 272, 0.00, 0.00, 0.00, 0.00
151, 2, 600, 0.00, 0.00, 0.00, 0.00
152, 2, 600, 0.00, 0.00, 0.00, 0.00
153, -1, 304, 0.00, 0.00, 0.00, 0.00
154, -1, 434, 0.00, 0.00, 0.00, 0.00
155, -1, 438, 0.00, 0.00, 0.00, 0.00
156, -1, 530, 0.00, 0.00, 0.00, 0.00
157, -1, 392, 0.00, 0.00, 0.00, 0.00
158, 2, 600, 0.00, 0.00, 0.00, 0.00
159, 2, 600, 0.00, 0.00, 0.00, 0.00
160, -1, 260, 0.00, 0.00, 0.00, 0.00
161, -1, 378, 0.00, 0.00, 0.00, 0.00
162, -1, 442, 0.00, 0.00, 0.00, 0.00
163, -1, 292, 0.00, 0.00, 0.00, 0.00
164, -1, 148, 0.00, 0.00, 0.00, 0.00
165, -1, 540, 0.00, 0.00, 0.00, 0.00
166, 2, 600, 0.00, 0.00, 0.00, 0.00
167, -1, 190, 0.00, 0.00, 0.00, 0.00
168, 2, 600, 0.00, 0.00, 0.00, 0.00
169, 2, 600, 0.00, 0.00, 0.00, 0.00
170, -1, 522, 0.00, 0.00, 0.00, 0.00
171, -1, 296, 0.00, 0.00, 0.00, 0.00
172, -1, 536, 0.00, 0.00, 0.00, 0.00
173, 2, 600, 0.00, 0.00, 0.00, 0.00
174, 2, 600, 0.00, 0.00, 0.00, 0.00
175, -1, 144, 0.00, 0.00, 0.00, 0.00
176, 2, 600, 0.00, 0.00, 0.00, 0.00
177, -1, 472, 0.00, 0.00, 0.00, 0.00
178, -1, 290, 0.00, 0.00, 0.00, 0.00
179, 2, 600, 0.00, 0.00, 0.00, 0.00
180, -1, 362, 0.00, 0.00, 0.00, 0.00
181, 2, 600, 0.00, 0.00, 0.00, 0.00
182, 2, 600, 0.00, 0.00, 0.00, 0.00
183, -1, 370, 0.00, 0.00, 0.00, 0.00
184, 2, 600, 0.00, 0.00, 0.00, 0.00
185, 2, 600, 0.00, 0.00, 0.00, 0.00
186, -1, 198, 0.00, 0.00, 0.00, 0.00
187, -1, 328, 0.00, 0.00, 0.00, 0.00
188, -1, 584, 0.00, 0.00, 0.00, 0.00
189, -1, 320, 0.00, 0.00, 0.00, 0.00
190, 2, 600, 0.00, 0.00, 0.00, 0.00
191, 2, 600, 0.00, 0.00, 0.00, 0.00
192, -1, 376, 0.00, 0.00, 0.00, 0.00
193, -1, 162, 0.00, 0.00, 0.00, 0.00
194, 2, 600, 0.00, 0.00, 0.00, 0.00
195, -1, 442, 0.00, 0.00, 0.00, 0.00
196, -1, 552, 0.00, 0.00, 0.00, 0.00
197, -1, 354, 0.00, 0.00, 0.00, 0.00
198, -1, 596, 0.00, 0.00, 0.00, 0.00
199, -1, 324, 0.00, 0.00, 0.00, 0.00
200, -1, 582, 0.00, 0.00, 0.00, 0.00
201, 2, 600, 0.00, 0.00, 0.00, 0.00
202, 2, 600, 0.00, 0.00, 0.00, 0.00
203, -1, 514, 0.00, 0.00, 0.00, 0.00
204, 1, 91, 0.00, 0.00, 0.00, 0.00
205, -1, 234, 0.00, 0.00, 0.00, 0.00
206, -1, 440, 0.00, 0.00, 0.00, 0.00
207, -1, 574, 0.00, 0.00, 0.00, 0.00
208, 2, 600, 0.00, 0.00, 0.00, 0.00
209, 2, 600, 0.00, 0.00, 0.00, 0.00
210, 2, 600, 0.00, 0.00, 0.00, 0.00
211, -1, 416, 0.00, 0.00, 0.00, 0.00
212, -1, 510, 0.00, 0.00, 0.00, 0.00
213, -1, 248, 0.00, 0.00, 0.00, 0.00
214, -1, 418, 0.00, 0.00, 0.00, 0.00
215, 2, 600, 0.00, 0.00, 0.00, 0.00
216, 2, 600, 0.00, 0.00, 0.00, 0.00
217, 1, 535, 0.00, 0.00, 0.00, 0.00
218, -1, 232, 0.00, 0.00, 0.00, 0.00
219, -1, 176, 0.00, 0.00, 0.00, 0.00
220, 2, 600, 0.00, 0.00, 0.00, 0.00
221, 2, 600, 0.00, 0.00, 0.00, 0.00
222, -1, 552, 0.00, 0.00, 0.00, 0.00
223, -1, 378, 0.00, 0.00, 0.00, 0.00
224, -1, 524, 0.00, 0.00, 0.00, 0.00
225, -1, 410, 0.00, 0.00, 0.00, 0.00
226, 2, 600, 0.00, 0.00, 0.00, 0.00
227, -1, 526, 0.00, 0.00, 0.00, 0.00
228, 2, 600, 0.00, 0.00, 0.00, 0.00
229, 1, 373, 0.00, 0.00, 0.00, 0.00
230, -1, 330, 0.00, 0.00, 0.00, 0.00
231, -1, 394, 0.00, 0.00, 0.00, 0.00
232, 2, 600, 0.00, 0.00, 0.00, 0.00
233, 2, 600, 0.00, 0.00, 0.00, 0.00
234, -1, 548, 0.00, 0.00, 0.00, 0.00
235, 2, 600, 0.00, 0.00, 0.00, 0.00
236, 2, 600, 0.00, 0.00, 0.00, 0.00
237, -1, 600, 0.00, 0.00, 0.00, 0.00
238, 2, 600, 0.00, 0.00, 0.00, 0.00
239, -1, 140, 0.00, 0.00, 0.00, 0.00
240, 2, 600, 0.00, 0.00, 0.00, 0.00
241, -1, 424, 0.00, 0.00, 0.00, 0.00
242, 2, 600, 0.00, 0.00, 0.00, 0.00
243, -1, 496, 0.00, 0.00, 0.00, 0.00
244, 2, 600, 0.00, 0.00, 0.00, 0.00
245, -1, 100, 0.00, 0.00, 0.00, 0.00
246, -1, 452, 0.00, 0.00, 0.00, 0.00
247, -1, 132, 0.00, 0.00, 0.00, 0.00
248, -1, 110, 0.00, 0.00, 0.00, 0.00
249, -1, 552, 0.00, 0.00, 0.00, 0.00
250, -1, 550, 0.00, 0.00, 0.00, 0.00
251, -1, 238, 0.00, 0.00, 0.00, 0.00
252, 2, 600, 0.00, 0.00, 0.00, 0.00
253, 1, 331, 0.00, 0.00, 0.00, 0.00
254, 2, 600, 0.00, 0.00, 0.00, 0.00
255, 2, 600, 0.00, 0.00, 0.00, 0.00
256, 2, 600, 0.00, 0.00, 0.00, 0.00
257, -1, 298, 0.00, 0.00, 0.00, 0.00
258, -1, 520, 0.00, 0.00, 0.00, 0.00
259, -1, 334, 0.00, 0.00, 0.00, 0.00
260, 2, 600, 0.00, 0.00, 0.00, 0.00
261, -1, 220, 0.00, 0.00, 0.00, 0.00
262, 2, 600, 0.00, 0.00, 0.00, 0.00
263, 2, 600, 0.00, 0.00, 0.00, 0.00
264, 2, 600, 0.00, 0.00, 0.00, 0.00
265, -1, 284, 0.00, 0.00, 0.00, 0.00
266, 2, 600, 0.00, 0.00, 0.00, 0.00
267, 1, 527, 0.00, 0.00, 0.00, 0.00
268, -1, 494, 0.00, 0.00, 0.00, 0.00
269, 2, 600, 0.00, 0.00, 0.00, 0.00
270, -1, 196, 0.00, 0.00, 0.00, 0.00
271, -1, 298, 0.00, 0.00, 0.00, 0.00
272, -1, 288, 0.00, 0.00, 0.00, 0.00
273, 2, 600, 0.00, 0.00, 0.00, 0.00
274, 2, 600, 0.00, 0.00, 0.00, 0.00
275, 2, 600, 0.00, 0.00, 0.00, 0.00
276, -1, 552, 0.00, 0.00, 0.00, 0.00
277, -1, 300, 0.00, 0.00, 0.00, 0.00
278, 2, 600, 0.00, 0.00, 0.00, 0.00
279, -1, 458, 0.00, 0.00, 0.00, 0.00
280, -1, 290, 0.00, 0.00, 0.00, 0.00
281, -1, 308, 0.00, 0.00, 0.00, 0.00
282, -1, 542, 0.00, 0.00, 0.00, 0.00
283, 2, 600, 0.00, 0.00, 0.00, 0.00
284, -1, 530, 0.00, 0.00, 0.00, 0.00
285, 2, 600, 0.00, 0.00, 0.00, 0.00
286, -1, 220, 0.00, 0.00, 0.00, 0.00
287, -1, 460, 0.00, 0.00, 0.00, 0.00
288, 1, 371, 0.00, 0.00, 0.00, 0.00
289, 2, 600, 0.00, 0.00, 0.00, 0.00
290, 2, 600, 0.00, 0.00, 0.00, 0.00
291, -1, 564, 0.00, 0.00, 0.00, 0.00
292, -1, 454, 0.00, 0.00, 0.00, 0.00
293, -1, 206, 0.00, 0.00, 0.00, 0.00
294, -1, 518, 0.00, 0.00, 0.00, 0.00
295, -1, 180, 0.00, 0.00, 0.00, 0.00
296, -1, 400, 0.00, 0.00, 0.00, 0.00
297, 2, 600, 0.00, 0.00, 0.00, 0.00
298, -1, 400, 0.00, 0.00, 0.00, 0.00
299, -1, 352, 0.00, 0.00, 0.00, 0.00
300, 2, 600, 0.00, 0.00, 0.00, 0.00
301, -1, 600, 0.00, 0.00, 0.00, 0.00
302, -1, 458, 0.00, 0.00, 0.00, 0.00
303, -1, 430, 0.00, 0.00, 0.00, 0.00
304, 2, 600, 0.00, 0.00, 0.00, 0.00
305, -1, 532, 0.00, 0.00, 0.00, 0.00
306, -1, 596, 0.00, 0.00, 0.00, 0.00
307, 2, 600, 0.00, 0.00, 0.00, 0.00
308, -1, 532, 0.00, 0.00, 0.00, 0.00
309, -1, 88, 0.00, 0.00, 0.00, 0.00
310, -1, 502, 0.00, 0.00, 0.00, 0.00
311, 2, 600, 0.00, 0.00, 0.00, 0.00
312, -1, 320, 0.00, 0.00, 0.00, 0.00
313, -1, 410, 0.00, 0.00, 0.00, 0.00
314, -1, 582, 0.00, 0.00, 0.00, 0.00
315, -1, 582, 0.00, 0.00, 0.00, 0.00
316, 2, 600, 0.00, 0.00, 0.00, 0.00
317, -1, 330, 0.00, 0.00, 0.00, 0.00
318, -1, 338, 0.00, 0.00, 0.00, 0.00
319, -1, 484, 0.00, 0.00, 0.00, 0.00
320, -1, 538, 0.00, 0.00, 0.00, 0.00
321, -1, 382, 0.00, 0.00, 0.00, 0.00
322, -1, 454, 0.00, 0.00, 0.00, 0.00
323, -1, 444, 0.00, 0.00, 0.00, 0.00
324, -1, 484, 0.00, 0.00, 0.00, 0.00
325, -1, 488, 0.00, 0.00, 0.00, 0.00
326, -1, 460, 0.00, 0.00, 0.00, 0.00
327, -1, 506, 0.00, 0.00, 0.00, 0.00
328, -1, 328, 0.00, 0.00, 0.00, 0.00
329, -1, 430, 0.00, 0.00, 0.00, 0.00
330, 2, 600, 0.00, 0.00, 0.00, 0.00
331, 2, 600, 0.00, 0.00, 0.00, 0.00
332, 2, 600, 0.00, 0.00, 0.00, 0.00
333, 2, 600, 0.00, 0.00, 0.00, 0.00
334, -1, 254, 0.00, 0.00, 0.00, 0.00
335, -1, 138, 0.00, 0.00, 0.00, 0.00
336, -1, 128, 0.00, 0.00, 0.00, 0.00
337, -1, 166, 0.00, 0.00, 0.00, 0.00
338, 2, 600, 0.00, 0.00, 0.00, 0.00
339, -1, 580, 0.00, 0.00, 0.00, 0.00
340, -1, 156, 0.00, 0.00, 0.00, 0.00
341, -1, 502, 0.00, 0.00, 0.00, 0.00
342, 2, 600, 0.00, 0.00, 0.00, 0.00
343, 2, 600, 0.00, 0.00, 0.00, 0.00
344, 2, 600, 0.00, 0.00, 0.00, 0.00
345, 2, 600, 0.00, 0.00, 0.00, 0.00
346, -1, 306, 0.00, 0.00, 0.00, 0.00
347, 2, 600, 0.00, 0.00, 0.00, 0.00
348, 1, 225, 0.00, 0.00, 0.00, 0.00
349, -1, 232, 0.00, 0.00, 0.00, 0.00
350, 2, 600, 0.00, 0.00, 0.00, 0.00
351, -1, 204, 0.00, 0.00, 0.00, 0.00
352, -1, 554, 0.00, 0.00, 0.00, 0.00
353, -1, 516, 0.00, 0.00, 0.00, 0.00
354, -1, 540, 0.00, 0.00, 0.00, 0.00
355, -1, 182, 0.00, 0.00, 0.00, 0.00
356, -1, 378, 0.00, 0.00, 0.00, 0.00
357, 2, 600, 0.00, 0.00, 0.00, 0.00
358, 2, 600, 0.00, 0.00, 0.00, 0.00
359, -1, 526, 0.00, 0.00, 0.00, 0.00
360, 2, 600, 0.00, 0.00, 0.00, 0.00
361, -1, 158, 0.00, 0.00, 0.00, 0.00
362, 2, 600, 0.00, 0.00, 0.00, 0.00
363, 2, 600, 0.00, 0.00, 0.00, 0.00
364, 2, 600, 0.00, 0.00, 0.00, 0.00
365, 2, 600, 0.00, 0.00, 0.00, 0.00
366, -1, 88, 0.00, 0.00, 0.00, 0.00
367, -1, 276, 0.00, 0.00, 0.00, 0.00
368, -1, 406, 0.00, 0.00, 0.00, 0.00
369, 2, 600, 0.00, 0.00, 0.00, 0.00
370, -1, 546, 0.00, 0.00, 0.00, 0.00
371, -1, 326, 0.00, 0.00, 0.00, 0.00
372, 2, 600, 0.00, 0.00, 0.00, 0.00
373, -1, 338, 0.00, 0.00, 0.00, 0.00
374, 2, 600, 0.00, 0.00, 0.00, 0.00
375, -1, 266, 0.00, 0.00, 0.00, 0.00
376, 2, 600, 0.00, 0.00, 0.00, 0.00
377, 2, 600, 0.00, 0.00, 0.00, 0.00
378, -1, 508, 0.00, 0.00, 0.00, 0.00
379, -1, 412, 0.00, 0.00, 0.00, 0.00
380, -1, 90, 0.00, 0.00, 0.00, 0.00
381, -1, 302, 0.00, 0.00, 0.00, 0.00
382, -1, 136, 0.00, 0.00, 0.00, 0.00
383, 2, 600, 0.00, 0.00, 0.00, 0.00
384, 2, 600, 0.00, 0.00, 0.00, 0.00
385, -1, 262, 0.00, 0.00, 0.00, 0.00
386, -1, 508, 0.00, 0.00, 0.00, 0.00
387, -1, 312, 0.00, 0.00, 0.00, 0.00
388, -1, 504, 0.00, 0.00, 0.00, 0.00
389, 2, 600, 0.00, 0.00, 0.00, 0.00
390, -1, 326, 0.00, 0.00, 0.00, 0.00
391, 2, 600, 0.00, 0.00, 0.00, 0.00
392, -1, 406, 0.00, 0.00, 0.00, 0.00
393, 2, 600, 0.00, 0.00, 0.00, 0.00
394, -1, 252, 0.00, 0.00, 0.00, 0.00
395, 2, 600, 0.00, 0.00, 0.00, 0.00
396, 2, 600, 0.00, 0.00, 0.00, 0.00
397, -1, 384, 0.00, 0.00, 0.00, 0.00
398, 2, 600, 0.00, 0.00, 0.00, 0.00
399, -1, 352, 0.00, 0.00, 0.00, 0.00
400, 2, 600, 0.00, 0.00, 0.00, 0.00
401, -1, 310, 0.00, 0.00, 0.00, 0.00
402, 2, 600, 0.00, 0.00, 0.00, 0.00
403, -1, 290, 0.00, 0.00, 0.00, 0.00
404, 1, 341, 0.00, 0.00, 0.00, 0.00
405, -1, 356, 0.00, 0.00, 0.00, 0.00
406, -1, 358, 0.00, 0.00, 0.00, 0.00
407, 2, 600, 0.00, 0.00, 0.00, 0.00
408, 2, 600, 0.00, 0.00, 0.00, 0.00
409, 2, 600, 0.00, 0.00, 0.00, 0.00
410, -1, 562, 0.00, 0.00, 0.00, 0.00
411, -1, 396, 0.00, 0.00, 0.00, 0.00
412, 2, 600, 0.00, 0.00, 0.00, 0.00
413, 2, 600, 0.00, 0.00, 0.00, 0.00
414, -1, 498, 0.00, 0.00, 0.00, 0.00
415, -1, 200, 0.00, 0.00, 0.00, 0.00
416, -1, 450, 0.00, 0.00, 0.00, 0.00
417, 2, 600, 0.00, 0.00, 0.00, 0.00
418, 1, 437, 0.00, 0.00, 0.00, 0.00
419, -1, 240, 0.00, 0.00, 0.00, 0.00
420, -1, 140, 0.00, 0.00, 0.00, 0.00
421, -1, 106, 0.00, 0.00, 0.00, 0.00
422, -1, 554, 0.00, 0.00, 0.00, 0.00
423, 1, 579, 0.00, 0.00, 0.00, 0.00
424, 2, 600, 0.00, 0.00, 0.00, 0.00
425, -1, 280, 0.00, 0.00, 0.00, 0.00
426, -1, 358, 0.00, 0.00, 0.00, 0.00
427, -1, 356, 0.00, 0.00, 0.00, 0.00
428, 2, 600, 0.00, 0.00, 0.00, 0.00
429, -1, 530, 0.00, 0.00, 0.00, 0.00
430, 2, 600, 0.00, 0.00, 0.00, 0.00
431, -1, 300, 0.00, 0.00, 0.00, 0.00
432, -1, 444, 0.00, 0.00, 0.00, 0.00
433, 2, 600, 0.00, 0.00, 0.00, 0.00
434, -1, 434, 0.00, 0.00, 0.00, 0.00
435, -1, 524, 0.00, 0.00, 0.00, 0.00
436, -1, 424, 0.00, 0.00, 0.00, 0.00
437, -1, 478, 0.00, 0.00, 0.00, 0.00
438, 2, 600, 0.00, 0.00, 0.00, 0.00
439, 2, 600, 0.00, 0.00, 0.00, 0.00
440, 2, 600, 0.00, 0.00, 0.00, 0.00
441, -1, 590, 0.00, 0.00, 0.00, 0.00
442, -1, 416, 0.00, 0.00, 0.00, 0.00
443, -1, 524, 0.00, 0.00, 0.00, 0.00
444, -1, 238, 0.00, 0.00, 0.00, 0.00
445, -1, 504, 0.00, 0.00, 0.00, 0.00
446, 2, 600, 0.00, 0.00, 0.00, 0.00
447, 2, 600, 0.00, 0.00, 0.00, 0.00
448, 2, 600, 0.00, 0.00, 0.00, 0.00
449, 2, 600, 0.00, 0.00, 0.00, 0.00
450, -1, 476, 0.00, 0.00, 0.00, 0.00
451, -1, 424, 0.00, 0.00, 0.00, 0.00
452, 2, 600, 0.00, 0.00, 0.00, 0.00
453, -1, 530, 0.00, 0.00, 0.00, 0.00
454, -1, 544, 0.00, 0.00, 0.00, 0.00
455, -1, 260, 0.00, 0.00, 0.00, 0.00
456, 2, 600, 0.00, 0.00, 0.00, 0.00
457, -1, 574, 0.00, 0.00, 0.00, 0.00
458, 2, 600, 0.00, 0.00, 0.00, 0.00
459, -1, 458, 0.00, 0.00, 0.00, 0.00
460, -1, 522, 0.00, 0.00, 0.00, 0.00
461, -1, 528, 0.00, 0.00, 0.00, 0.00
462, -1, 420, 0.00, 0.00, 0.00, 0.00
463, -1, 354, 0.00, 0.00, 0.00, 0.00
464, -1, 242, 0.00, 0.00, 0.00, 0.00
465, 1, 317, 0.00, 0.00, 0.00, 0.00
466, 2, 600, 0.00, 0.00, 0.00, 0.00
467, 2, 600, 0.00, 0.00, 0.00, 0.00
468, -1, 430, 0.00, 0.00, 0.00, 0.00
469, -1, 136, 0.00, 0.00, 0.00, 0.00
470, -1, 266, 0.00, 0.00, 0.00, 0.00
471, -1, 468, 0.00, 0.00, 0.00, 0.00
472, -1, 564, 0.00, 0.00, 0.00, 0.00
473, -1, 586, 0.00, 0.00, 0.00, 0.00
474, 2, 600, 0.00, 0.00, 0.00, 0.00
475, 2, 600, 0.00, 0.00, 0.00, 0.00
476, -1, 310, 0.00, 0.00, 0.00, 0.00
477, -1, 304, 0.00, 0.00, 0.00, 0.00
478, 2, 600, 0.00, 0.00, 0.00, 0.00
479, 2, 600, 0.00, 0.00, 0.00, 0.00
480, 2, 600, 0.00, 0.00, 0.00, 0.00
481, -1, 438, 0.00, 0.00, 0.00, 0.00
482, -1, 80, 0.00, 0.00, 0.00, 0.00
483, -1, 350, 0.00, 0.00, 0.00, 0.00
484, 2, 600, 0.00, 0.00, 0.00, 0.00
485, -1, 582, 0.00, 0.00, 0.00, 0.00
486, -1, 540, 0.00, 0.00, 0.00, 0.00
487, 1, 529, 0.00, 0.00, 0.00, 0.00
488, 2, 600, 0.00, 0.00, 0.00, 0.00
489, 2, 600, 0.00, 0.00, 0.00, 0.00
490, 2, 600, 0.00, 0.00, 0.00, 0.00
491, 2, 600, 0.00, 0.00, 0.00, 0.00
492, -1, 514, 0.00, 0.00, 0.00, 0.00
493, 2, 600, 0.00, 0.00, 0.00, 0.00
494, -1, 124, 0.00, 0.00, 0.00, 0.00
495, 2, 600, 0.00, 0.00, 0.00, 0.00
496, 2, 600, 0.00, 0.00, 0.00, 0.00
497, 2, 600, 0.00, 0.00, 0.00, 0.00
498, 2, 600, 0.00, 0.00, 0.00, 0.00
499, -1, 262, 0.00, 0.00, 0.00, 0.00
500, 2, 600, 0.00, 0.00, 0.00, 0.00
501, -1, 320, 0.00, 0.00, 0.00, 0.00
502, 2, 600, 0.00, 0.00, 0.00, 0.00
503, -1, 588, 0.00, 0.00, 0.00, 0.00
504, -1, 462, 0.00, 0.00, 0.00, 0.00
505, 2, 600, 0.00, 0.00, 0.00, 0.00
506, 1, 305, 0.00, 0.00, 0.00, 0.00
507, -1, 250, 0.00, 0.00, 0.00, 0.00
508, 2, 600, 0.00, 0.00, 0.00, 0.00
509, -1, 520, 0.00, 0.00, 0.00, 0.00
510, -1, 466, 0.00, 0.00, 0.00, 0.00
511, 2, 600, 0.00, 0.00, 0.00, 0.00
512, -1, 144, 0.00, 0.00, 0.00, 0.00
513, -1, 150, 0.00, 0.00, 0.00, 0.00
514, 2, 600, 0.00, 0.00, 0.00, 0.00
515, -1, 378, 0.00, 0.00, 0.00, 0.00
516, -1, 456, 0.00, 0.00, 0.00, 0.00
517, -1, 598, 0.00, 0.00, 0.00, 0.00
518, 2, 600, 0.00, 0.00, 0.00, 0.00
519, -1, 378, 0.00, 0.00, 0.00, 0.00
520, -1, 364, 0.00, 0.00, 0.00, 0.00
521, -1, 350, 0.00, 0.00, 0.00, 0.00
522, -1, 324, 0.00, 0.00, 0.00, 0.00
523, -1, 252, 0.00, 0.00, 0.00, 0.00
524, 1, 595, 0.00, 0.00, 0.00, 0.00
525, -1, 210, 0.00, 0.00, 0.00, 0.00
526, -1, 396, 0.00, 0.00, 0.00, 0.00
527, 2, 600, 0.00, 0.00, 0.00, 0.00
528, -1, 150, 0.00, 0.00, 0.00, 0.00
529, 2, 600, 0.00, 0.00, 0.00, 0.00
530, 2, 600, 0.00, 0.00, 0.00, 0.00
531, -1, 518, 0.00, 0.00, 0.00, 0.00
532, -1, 512, 0.00, 0.00, 0.00, 0.00
533, 2, 600, 0.00, 0.00, 0.00, 0.00
534, 2, 600, 0.00, 0.00, 0.00, 0.00
535, -1, 350, 0.00, 0.00, 0.00, 0.00
536, -1, 436, 0.00, 0.00, 0.00, 0.00
537, 2, 600, 0.00, 0.00, 0.00, 0.00
538, -1, 334, 0.00, 0.00, 0.00, 0.00
539, -1, 324, 0.00, 0.00, 0.00, 0.00
540, -1, 262, 0.00, 0.00, 0.00, 0.00
541, 2, 600, 0.00, 0.00, 0.00, 0.00
542, -1, 438, 0.00, 0.00, 0.00, 0.00
543, 2, 600, 0.00, 0.00, 0.00, 0.00
544, 2, 600, 0.00, 0.00, 0.00, 0.00
545, -1, 452, 0.00, 0.00, 0.00, 0.00
546, 2, 600, 0.00, 0.00, 0.00, 0.00
547, -1, 414, 0.00, 0.00, 0.00, 0.00
548, -1, 444, 0.00, 0.00, 0.00, 0.00
549, -1, 570, 0.00, 0.00, 0.00, 0.00
550, 2, 600, 0.00, 0.00, 0.00, 0.00
551, -1, 214, 0.00, 0.00, 0.00, 0.00
552, -1, 492, 0.00, 0.00, 0.00, 0.00
553, 2, 600, 0.00, 0.00, 0.00, 0.00
554, 2, 600, 0.00, 0.00, 0.00, 0.00
555, 2, 600, 0.00, 0.00, 0.00, 0.00
556, -1, 426, 0.00, 0.00, 0.00, 0.00
557, -1, 384, 0.00, 0.00, 0.00, 0.00
558, -1, 298, 0.00, 0.00, 0.00, 0.00
559, -1, 384, 0.00, 0.00, 0.00, 0.00
560, 2, 600, 0.00, 0.00, 0.00, 0.00
561, -1, 578, 0.00, 0.00, 0.00, 0.00
562, 2, 600, 0.00, 0.00, 0.00, 0.00
563, -1, 272, 0.00, 0.00, 0.00, 0.00
564, 2, 600, 0.00, 0.00, 0.00, 0.00
565, -1, 284, 0.00, 0.00, 0.00, 0.00
566, 2, 600, 0.00, 0.00, 0.00, 0.00
567, -1, 166, 0.00, 0.00, 0.00, 0.00
568, -1, 396, 0.00, 0.00, 0.00, 0.00
569, -1, 170, 0.00, 0.00, 0.00, 0.00
570, -1, 292, 0.00, 0.00, 0.00, 0.00
571, 2, 600, 0.00, 0.00, 0.00, 0.00
572, -1, 466, 0.00, 0.00, 0.00, 0.00
573, 2, 600, 0.00, 0.00, 0.00, 0.00
574, -1, 348, 0.00, 0.00, 0.00, 0.00
575, 2, 600, 0.00, 0.00, 0.00, 0.00
576, -1, 454, 0.00, 0.00, 0.00, 0.00
577, -1, 264, 0.00, 0.00, 0.00, 0.00
578, 2, 600, 0.00, 0.00, 0.00, 0.00
579, 2, 600, 0.00, 0.00, 0.00, 0.00
580, -1, 548, 0.00, 0.00, 0.00, 0.00
581, 2, 600, 0.00, 0.00, 0.00, 0.00
582, -1, 330, 0.00, 0.00, 0.00, 0.00
583, 2, 600, 0.00, 0.00, 0.00, 0.00
584, 2, 600, 0.00, 0.00, 0.00, 0.00
585, 2, 600, 0.00, 0.00, 0.00, 0.00
586, -1, 552, 0.00, 0.00, 0.00, 0.00
587, -1, 286, 0.00, 0.00, 0.00, 0.00
588, 2, 600, 0.00, 0.00, 0.00, 0.00
589, -1, 408, 0.00, 0.00, 0.00, 0.00
590, 2, 600, 0.00, 0.00, 0.00, 0.00
591, -1, 396, 0.00, 0.00, 0.00, 0.00
592, 2, 600, 0.00, 0.00, 0.00, 0.00
593, 2, 600, 0.00, 0.00, 0.00, 0.00
594, 2, 600, 0.00, 0.00, 0.00, 0.00
595, -1, 336, 0.00, 0.00, 0.00, 0.00
596, 2, 600, 0.00, 0.00, 0.00, 0.00
597, 2, 600, 0.00, 0.00, 0.00, 0.00
598, -1, 320, 0.00, 0.00, 0.00, 0.00
599, 2, 600, 0.00, 0.00, 0.00, 0.00
600, -1, 180, 0.00, 0.00, 0.00, 0.00
601, 2, 600, 0.00, 0.00, 0.00, 0.00
602, 2, 600, 0.00, 0.00, 0.00, 0.00
603, 2, 600, 0.00, 0.00, 0.00, 0.00
604, 2, 600, 0.00, 0.00, 0.00, 0.00
605, -1, 266, 0.00, 0.00, 0.00, 0.00
606, -1, 318, 0.00, 0.00, 0.00, 0.00
607, -1, 214, 0.00, 0.00, 0.00, 0.00
608, 2, 600, 0.00, 0.00, 0.00, 0.00
609, -1, 298, 0.00, 0.00, 0.00, 0.00
610, -1, 412, 0.00, 0.00, 0.00, 0.00
611, -1, 108, 0.00, 0.00, 0.00, 0.00
612, -1, 124, 0.00, 0.00, 0.00, 0.00
613, 2, 600, 0.00, 0.00, 0.00, 0.00
614, -1, 264, 0.00, 0.00, 0.00, 0.00
615, 2, 600, 0.00, 0.00, 0.00, 0.00
616, -1, 394, 0.00, 0.00, 0.00, 0.00
617, -1, 506, 0.00, 0.00, 0.00, 0.00
618, 2, 600, 0.00, 0.00, 0.00, 0.00
619, 2, 600, 0.00, 0.00, 0.00, 0.00
620, 1, 493, 0.00, 0.00, 0.00, 0.00
621, 2, 600, 0.00, 0.00, 0.00, 0.00
622, 2, 600, 0.00, 0.00, 0.00, 0.00
623, 2, 600, 0.00, 0.00, 0.00, 0.00
624, -1, 150, 0.00, 0.00, 0.00, 0.00
625, 2, 600, 0.00, 0.00, 0.00, 0.00
626, -1, 458, 0.00, 0.00, 0.00, 0.00
627, -1, 132, 0.00, 0.00, 0.00, 0.00
628, -1, 456, 0.00, 0.00, 0.00, 0.00
629, 2, 600, 0.00, 0.00, 0.00, 0.00
630, -1, 148, 0.00, 0.00, 0.00, 0.00
631, -1, 154, 0.00, 0.00, 0.00, 0.00
632, 2, 600, 0.00, 0.00, 0.00, 0.00
633, -1, 182, 0.00, 0.00, 0.00, 0.00
634, 2, 600, 0.00, 0.00, 0.00, 0.00
635, -1, 330, 0.00, 0.00, 0.00, 0.00
636, 2, 600, 0.00, 0.00, 0.00, 0.00
637, 2, 600, 0.00, 0.00, 0.00, 0.00
638, 2, 600, 0.00, 0.00, 0.00, 0.00
639, -1, 538, 0.00, 0.00, 0.00, 0.00
640, 2, 600, 0.00, 0.00, 0.00, 0.00
641, -1, 226, 0.00, 0.00, 0.00, 0.00
642, -1, 326, 0.00, 0.00, 0.00, 0.00
643, -1, 502, 0.00, 0.00, 0.00, 0.00
644, 2, 600, 0.00, 0.00, 0.00, 0.00
645, 2, 600, 0.00, 0.00, 0.00, 0.00
646, -1, 340, 0.00, 0.00, 0.00, 0.00
647, -1, 590, 0.00, 0.00, 0.00, 0.00
648, 2, 600, 0.00, 0.00, 0.00, 0.00
649, 2, 600, 0.00, 0.00, 0.00, 0.00
650, -1, 550, 0.00, 0.00, 0.00, 0.00
651, 2, 600, 0.00, 0.00, 0.00, 0.00
652, 2, 600, 0.00, 0.00, 0.00, 0.00
653, -1, 176, 0.00, 0.00, 0.00, 0.00
654, -1, 532, 0.00, 0.00, 0.00, 0.00
655, 2, 600, 0.00, 0.00, 0.00, 0.00
656, 2, 600, 0.00, 0.00, 0.00, 0.00
657, 2, 600, 0.00, 0.00, 0.00, 0.00
658, -1, 470, 0.00, 0.00, 0.00, 0.00
659, -1, 238, 0.00, 0.00, 0.00, 0.00
660, -1, 242, 0.00, 0.00, 0.00, 0.00
661, -1, 350, 0.00, 0.00, 0.00, 0.00
662, -1, 98, 0.00, 0.00, 0.00, 0.00
663, 2, 600, 0.00, 0.00, 0.00, 0.00
664, -1, 226, 0.00, 0.00, 0.00, 0.00
665, 2, 600, 0.00, 0.00, 0.00, 0.00
666, -1, 234, 0.00, 0.00, 0.00, 0.00
667, -1, 520, 0.00, 0.00, 0.00, 0.00
668, -1, 450, 0.00, 0.00, 0.00, 0.00
669, -1, 364, 0.00, 0.00, 0.00, 0.00
670, -1, 548, 0.00, 0.00, 0.00, 0.00
671, 2, 600, 0.00, 0.00, 0.00, 0.00
672, 2, 600, 0.00, 0.00, 0.00, 0.00
673, -1, 410, 0.00, 0.00, 0.00, 0.00
674, -1, 324, 0.00, 0.00, 0.00, 0.00
675, -1, 204, 0.00, 0.00, 0.00, 0.00
676, -1, 404, 0.00, 0.00, 0.00, 0.00
677, 2, 600, 0.00, 0.00, 0.00, 0.00
678, -1, 472, 0.00, 0.00, 0.00, 0.00
679, -1, 468, 0.00, 0.00, 0.00, 0.00
680, 2, 600, 0.00, 0.00, 0.00, 0.00
681, -1, 454, 0.00, 0.00, 0.00, 0.00
682, 2, 600, 0.00, 0.00, 0.00, 0.00
683, -1, 434, 0.00, 0.00, 0.00, 0.00
684, 2, 600, 0.00, 0.00, 0.00, 0.00
685, 2, 600, 0.00, 0.00, 0.00, 0.00
686, -1, 348, 0.00, 0.00, 0.00, 0.00
687, 2, 600, 0.00, 0.00, 0.00, 0.00
688, 2, 600, 0.00, 0.00, 0.00, 0.00
689, -1, 220, 0.00, 0.00, 0.00, 0.00
690, -1, 542, 0.00, 0.00, 0.00, 0.00
691, -1, 202, 0.00, 0.00, 0.00, 0.00
692, 2, 600, 0.00, 0.00, 0.00, 0.00
693, -1, 426, 0.00, 0.00, 0.00, 0.00
694, 2, 600, 0.00, 0.00, 0.00, 0.00
695, 2, 600, 0.00, 0.00, 0.00, 0.00
696, 2, 600, 0.00, 0.00, 0.00, 0.00
697, -1, 114, 0.00, 0.00, 0.00, 0.00
698, 2, 600, 0.00, 0.00, 0.00, 0.00
699, 2, 600, 0.00, 0.00, 0.00, 0.00
700, 2, 600, 0.00, 0.00, 0.00, 0.00
701, -1, 154, 0.00, 0.00, 0.00, 0.00
702, 2, 600, 0.00, 0.00, 0.00, 0.00
703, -1, 496, 0.00, 0.00, 0.00, 0.00
704, -1, 278, 0.00, 0.00, 0.00, 0.00
705, -1, 426, 0.00, 0.00, 0.00, 0.00
706, 2, 600, 0.00, 0.00, 0.00, 0.00
707, 2, 600, 0.00, 0.00, 0.00, 0.00
708, -1, 72, 0.00, 0.00, 0.00, 0.00
709, -1, 178, 0.00, 0.00, 0.00, 0.00
710, 2, 600, 0.00, 0.00, 0.00, 0.00
711, 2, 600, 0.00, 0.00, 0.00, 0.00
712, 2, 600, 0.00, 0.00, 0.00, 0.00
713, -1, 504, 0.00, 0.00, 0.00, 0.00
714, -1, 420, 0.00, 0.00, 0.00, 0.00
715, -1, 226, 0.00, 0.00, 0.00, 0.00
716, 2, 600, 0.00, 0.00, 0.00, 0.00
717, -1, 522, 0.00, 0.00, 0.00, 0.00
718, 2, 600, 0.00, 0.00, 0.00, 0.00
719, 2, 600, 0.00, 0.00, 0.00, 0.00
720, 2, 600, 0.00, 0.00, 0.00, 0.00
721, 2, 600, 0.00, 0.00, 0.00, 0.00
722, 2, 600, 0.00, 0.00, 0.00, 0.00
723, -1, 290, 0.00, 0.00, 0.00, 0.00
724, -1, 120, 0.00, 0.00, 0.00, 0.00
725, -1, 226, 0.00, 0.00, 0.00, 0.00
726, -1, 410, 0.00, 0.00, 0.00, 0.00
727, -1, 422, 0.00, 0.00, 0.00, 0.00
728, 2, 600, 0.00, 0.00, 0.00, 0.00
729, -1, 328, 0.00, 0.00, 0.00, 0.00
730, -1, 500, 0.00, 0.00, 0.00, 0.00
731, 2, 600, 0.00, 0.00, 0.00, 0.00
732, -1, 454, 0.00, 0.00, 0.00, 0.00
733, 2, 600, 0.00, 0.00, 0.00, 0.00
734, 2, 600, 0.00, 0.00, 0.00, 0.00
735, 2, 600, 0.00, 0.00, 0.00, 0.00
736, -1, 172, 0.00, 0.00, 0.00, 0.00
737, 2, 600, 0.00, 0.00, 0.00, 0.00
738, -1, 236, 0.00, 0.00, 0.00, 0.00
739, -1, 512, 0.00, 0.00, 0.00, 0.00
740, 2, 600, 0.00, 0.00, 0.00, 0.00
741, -1, 520, 0.00, 0.00, 0.00, 0.00
742, -1, 184, 0.00, 0.00, 0.00, 0.00
743, -1, 578, 0.00, 0.00, 0.00, 0.00
744, -1, 480, 0.00, 0.00, 0.00, 0.00
745, 2, 600, 0.00, 0.00, 0.00, 0.00
746, -1, 284, 0.00, 0.00, 0.00, 0.00
747, 2, 600, 0.00, 0.00, 0.00, 0.00
748, -1, 270, 0.00, 0.00, 0.00, 0.00
749, 1, 361, 0.00, 0.00, 0.00, 0.00
750, -1, 278, 0.00, 0.00, 0.00, 0.00
751, 2, 600, 0.00, 0.00, 0.00, 0.00
752, 2, 600, 0.00, 0.00, 0.00, 0.00
753, 2, 600, 0.00, 0.00, 0.00, 0.00
754, -1, 592, 0.00, 0.00, 0.00, 0.00
755, -1, 290, 0.00, 0.00, 0.00, 0.00
756, 2, 600, 0.00, 0.00, 0.00, 0.00
757, -1, 252, 0.00, 0.00, 0.00, 0.00
758, 2, 600, 0.00, 0.00, 0.00, 0.00
759, -1, 440, 0.00, 0.00, 0.00, 0.00
760, -1, 284, 0.00, 0.00, 0.00, 0.00
761, -1, 402, 0.00, 0.00, 0.00, 0.00
762, 2, 600, 0.00, 0.00, 0.00, 0.00
763, 2, 600, 0.00, 0.00, 0.00, 0.00
764, 2, 600, 0.00, 0.00, 0.00, 0.00
765, -1, 598, 0.00, 0.00, 0.00, 0.00
766, -1, 400, 0.00, 0.00, 0.00, 0.00
767, -1, 350, 0.00, 0.00, 0.00, 0.00
768, 2, 600, 0.00, 0.00, 0.00, 0.00
769, -1, 372, 0.00, 0.00, 0.00, 0.00
770, 2, 600, 0.00, 0.00, 0.00, 0.00
771, 1, 59, 0.00, 0.00, 0.00, 0.00
772, 2, 600, 0.00, 0.00, 0.00, 0.00
773, 2, 600, 0.00, 0.00, 0.00, 0.00
774, -1, 448, 0.00, 0.00, 0.00, 0.00
775, -1, 350, 0.00, 0.00, 0.00, 0.00
776, -1, 446, 0.00, 0.00, 0.00, 0.00
777, -1, 234, 0.00, 0.00, 0.00, 0.00
778, 2, 600, 0.00, 0.00, 0.00, 0.00
779, -1, 196, 0.00, 0.00, 0.00, 0.00
780, 2, 600, 0.00, 0.00, 0.00, 0.00
781, 2, 600, 0.00, 0.00, 0.00, 0.00
782, -1, 276, 0.00, 0.00, 0.00, 0.00
783, 2, 600, 0.00, 0.00, 0.00, 0.00
784, 2, 600, 0.00, 0.00, 0.00, 0.00
785, -1, 542, 0.00, 0.00, 0.00, 0.00
786, -1, 284, 0.00, 0.00, 0.00, 0.00
787, -1, 502, 0.00, 0.00, 0.00, 0.00
788, 2, 600, 0.00, 0.00, 0.00, 0.00
789, -1, 528, 0.00, 0.00, 0.00, 0.00
790, -1, 384, 0.00, 0.00, 0.00, 0.00
791, -1, 394, 0.00, 0.00, 0.00, 0.00
792, 2, 600, 0.00, 0.00, 0.00, 0.00
793, -1, 380, 0.00, 0.00, 0.00, 0.00
794, -1, 318, 0.00, 0.00, 0.00, 0.00
795, 2, 600, 0.00, 0.00, 0.00, 0.00
796, 2, 600, 0.00, 0.00, 0.00, 0.00
797, -1, 404, 0.00, 0.00, 0.00, 0.00
798, -1, 158, 0.00, 0.00, 0.00, 0.00
799, 2, 600, 0.00, 0.00, 0.00, 0.00
800, -1, 298, 0.00, 0.00, 0.00, 0.00
801, -1, 166, 0.00, 0.00, 0.00, 0.00
802, 2, 600, 0.00, 0.00, 0.00, 0.00
803, -1, 200, 0.00, 0.00, 0.00, 0.00
804, -1, 504, 0.00, 0.00, 0.00, 0.00
805, 2, 600, 0.00, 0.00, 0.00, 0.00
806, 2, 600, 0.00, 0.00, 0.00, 0.00
807, -1, 374, 0.00, 0.00, 0.00, 0.00
808, -1, 530, 0.00, 0.00, 0.00, 0.00
809, 2, 600, 0.00, 0.00, 0.00, 0.00
810, -1, 492, 0.00, 0.00, 0.00, 0.00
811, 2, 600, 0.00, 0.00, 0.00, 0.00
812, 2, 600, 0.00, 0.00, 0.00, 0.00
813, -1, 232, 0.00, 0.00, 0.00, 0.00
814, 2, 600, 0.00, 0.00, 0.00, 0.00
815, -1, 542, 0.00, 0.00, 0.00, 0.00
816, 2, 600, 0.00, 0.00, 0.00, 0.00
817, -1, 394, 0.00, 0.00, 0.00, 0.00
818, -1, 408, 0.00, 0.00, 0.00, 0.00
819, -1, 74, 0.00, 0.00, 0.00, 0.00
820, -1, 170, 0.00, 0.00, 0.00, 0.00
821, -1, 302, 0.00, 0.00, 0.00, 0.00
822, -1, 328, 0.00, 0.00, 0.00, 0.00
823, -1, 382, 0.00, 0.00, 0.00, 0.00
824, 2, 600, 0.00, 0.00, 0.00, 0.00
825, 2, 600, 0.00, 0.00, 0.00, 0.00
826, -1, 342, 0.00, 0.00, 0.00, 0.00
827, 2, 600, 0.00, 0.00, 0.00, 0.00
828, -1, 178, 0.00, 0.00, 0.00, 0.00
829, -1, 334, 0.00, 0.00, 0.00, 0.00
830, -1, 550, 0.00, 0.00, 0.00, 0.00
831, 2, 600, 0.00, 0.00, 0.00, 0.00
832, -1, 106, 0.00, 0.00, 0.00, 0.00
833, -1, 324, 0.00, 0.00, 0.00, 0.00
834, 2, 600, 0.00, 0.00, 0.00, 0.00
835, 2, 600, 0.00, 0.00, 0.00, 0.00
836, 2, 600, 0.00, 0.00, 0.00, 0.00
837, 2, 600, 0.00, 0.00, 0.00, 0.00
838, -1, 248, 0.00, 0.00, 0.00, 0.00
839, -1, 280, 0.00, 0.00, 0.00, 0.00
840, -1, 340, 0.00, 0.00, 0.00, 0.00
841, 2, 600, 0.00, 0.00, 0.00, 0.00
842, -1, 550, 0.00, 0.00, 0.00, 0.00
843, 2, 600, 0.00, 0.00, 0.00, 0.00
844, -1, 300, 0.00, 0.00, 0.00, 0.00
845, -1, 190, 0.00, 0.00, 0.00, 0.00
846, -1, 460, 0.00, 0.00, 0.00, 0.00
847, 2, 600, 0.00, 0.00, 0.00, 0.00
848, 2, 600, 0.00, 0.00, 0.00, 0.00
849, -1, 364, 0.00, 0.00, 0.00, 0.00
850, -1, 456, 0.00, 0.00, 0.00, 0.00
851, -1, 350, 0.00, 0.00, 0.00, 0.00
852, -1, 530, 0.00, 0.00, 0.00, 0.00
853, -1, 530, 0.00, 0.00, 0.00, 0.00
854, -1, 316, 0.00, 0.00, 0.00, 0.00
855, -1, 288, 0.00, 0.00, 0.00, 0.00
856, 2, 600, 0.00, 0.00, 0.00, 0.00
857, 2, 600, 0.00, 0.00, 0.00, 0.00
858, -1, 158, 0.00, 0.00, 0.00, 0.00
859, 2, 600, 0.00, 0.00, 0.00, 0.00
860, 2, 600, 0.00, 0.00, 0.00, 0.00
861, -1, 234, 0.00, 0.00, 0.00, 0.00
862, -1, 280, 0.00, 0.00, 0.00, 0.00
863, 2, 600, 0.00, 0.00, 0.00, 0.00
864, 2, 600, 0.00, 0.00, 0.00, 0.00
865, -1, 346, 0.00, 0.00, 0.00, 0.00
866, -1, 260, 0.00, 0.00, 0.00, 0.00
867, 2, 600, 0.00, 0.00, 0.00, 0.00
868, -1, 398, 0.00, 0.00, 0.00, 0.00
869, -1, 502, 0.00, 0.00, 0.00, 0.00
870, -1, 450, 0.00, 0.00, 0.00, 0.00
871, -1, 338, 0.00, 0.00, 0.00, 0.00
872, -1, 358, 0.00, 0.00, 0.00, 0.00
873, 2, 600, 0.00, 0.00, 0.00, 0.00
874, 2, 600, 0.00, 0.00, 0.00, 0.00
875, 2, 600, 0.00, 0.00, 0.00, 0.00
876, -1, 132, 0.00, 0.00, 0.00, 0.00
877, -1, 578, 0.00, 0.00, 0.00, 0.00
878, -1, 410, 0.00, 0.00, 0.00, 0.00
879, -1, 532, 0.00, 0.00, 0.00, 0.00
880, -1, 334, 0.00, 0.00, 0.00, 0.00
881, -1, 216, 0.00, 0.00, 0.00, 0.00
882, -1, 172, 0.00, 0.00, 0.00, 0.00
883, -1, 266, 0.00, 0.00, 0.00, 0.00
884, -1, 540, 0.00, 0.00, 0.00, 0.00
885, -1, 534, 0.00, 0.00, 0.00, 0.00
886, -1, 276, 0.00, 0.00, 0.00, 0.00
887, -1, 468, 0.00, 0.00, 0.00, 0.00
888, 2, 600, 0.00, 0.00, 0.00, 0.00
889, 1, 569, 0.00, 0.00, 0.00, 0.00
890, 2, 600, 0.00, 0.00, 0.00, 0.00
891, -1, 442, 0.00, 0.00, 0.00, 0.00
892, -1, 208, 0.00, 0.00, 0.00, 0.00
893, 2, 600, 0.00, 0.00, 0.00, 0.00
894, 2, 600, 0.00, 0.00, 0.00, 0.00
895, -1, 378, 0.00, 0.00, 0.00, 0.00
896, -1, 226, 0.00, 0.00, 0.00, 0.00
897, -1, 214, 0.00, 0.00, 0.00, 0.00
898, -1, 266, 0.00, 0.00, 0.00, 0.00
899, -1, 530, 0.00, 0.00, 0.00, 0.00
900, -1, 372, 0.00, 0.00, 0.00, 0.00
901, -1, 228, 0.00, 0.00, 0.00, 0.00
902, -1, 448, 0.00, 0.00, 0.00, 0.00
903, -1, 534, 0.00, 0.00, 0.00, 0.00
904, -1, 462, 0.00, 0.00, 0.00, 0.00
905, 2, 600, 0.00, 0.00, 0.00, 0.00
906, 2, 600, 0.00, 0.00, 0.00, 0.00
907, -1, 340, 0.00, 0.00, 0.00, 0.00
908, -1, 396, 0.00, 0.00, 0.00, 0.00
909, -1, 538, 0.00, 0.00, 0.00, 0.00
910, 2, 600, 0.00, 0.00, 0.00, 0.00
911, -1, 248, 0.00, 0.00, 0.00, 0.00
912, -1, 480, 0.00, 0.00, 0.00, 0.00
913, -1, 206, 0.00, 0.00, 0.00, 0.00
914, 2, 600, 0.00, 0.00, 0.00, 0.00
915, -1, 478, 0.00, 0.00, 0.00, 0.00
916, 2, 600, 0.00, 0.00, 0.00, 0.00
917, -1, 350, 0.00, 0.00, 0.00, 0.00
918, 2, 600, 0.00, 0.00, 0.00, 0.00
919, 2, 600, 0.00, 0.00, 0.00, 0.00
920, 1, 131, 0.00, 0.00, 0.00, 0.00
921, 2, 600, 0.00, 0.00, 0.00, 0.00
922, -1, 360, 0.00, 0.00, 0.00, 0.00
923, -1, 298, 0.00, 0.00, 0.00, 0.00
924, -1, 156, 0.00, 0.00, 0.00, 0.00
925, -1, 512, 0.00, 0.00, 0.00, 0.00
926, -1, 366, 0.00, 0.00, 0.00, 0.00
927, 2, 600, 0.00, 0.00, 0.00, 0.00
928, -1, 410, 0.00, 0.00, 0.00, 0.00
929, 2, 600, 0.00, 0.00, 0.00, 0.00
930, -1, 436, 0.00, 0.00, 0.00, 0.00
931, 2, 600, 0.00, 0.00, 0.00, 0.00
932, -1, 258, 0.00, 0.00, 0.00, 0.00
933, -1, 564, 0.00, 0.00, 0.00, 0.00
934, -1, 190, 0.00, 0.00, 0.00, 0.00
935, 2, 600, 0.00, 0.00, 0.00, 0.00
936, -1, 138, 0.00, 0.00, 0.00, 0.00
937, -1, 484, 0.00, 0.00, 0.00, 0.00
938, -1, 226, 0.00, 0.00, 0.00, 0.00
939, -1, 340, 0.00, 0.00, 0.00, 0.00
940, 2, 600, 0.00, 0.00, 0.00, 0.00
941, 2, 600, 0.00, 0.00, 0.00, 0.00
942, 2, 600, 0.00, 0.00, 0.00, 0.00
943, 2, 600, 0.00, 0.00, 0.00, 0.00
944, -1, 412, 0.00, 0.00, 0.00, 0.00
945, 2, 600, 0.00, 0.00, 0.00, 0.00
946, -1, 264, 0.00, 0.00, 0.00, 0.00
947, 2, 600, 0.00, 0.00, 0.00, 0.00
948, -1, 466, 0.00, 0.00, 0.00, 0.00
949, -1, 552, 0.00, 0.00, 0.00, 0.00
950, -1, 332, 0.00, 0.00, 0.00, 0.00
951, 2, 600, 0.00, 0.00, 0.00, 0.00
952, -1, 138, 0.00, 0.00, 0.00, 0.00
953, 2, 600, 0.00, 0.00, 0.00, 0.00
954, -1, 456, 0.00, 0.00, 0.00, 0.00
955, 2, 600, 0.00, 0.00, 0.00, 0.00
956, -1, 462, 0.00, 0.00, 0.00, 0.00
957, -1, 454, 0.00, 0.00, 0.00, 0.00
958, -1, 478, 0.00, 0.00, 0.00, 0.00
959, 2, 600, 0.00, 0.00, 0.00, 0.00
960, -1, 526, 0.00, 0.00, 0.00, 0.00
961, -1, 566, 0.00, 0.00, 0.00, 0.00
962, -1, 494, 0.00, 0.00, 0.00, 0.00
963, -1, 568, 0.00, 0.00, 0.00, 0.00
964, 2, 600, 0.00, 0.00, 0.00, 0.00
965, 2, 600, 0.00, 0.00, 0.00, 0.00
966, 2, 600, 0.00, 0.00, 0.00, 0.00
967, 2, 600, 0.00, 0.00, 0.00, 0.00
968, -1, 204, 0.00, 0.00, 0.00, 0.00
969, 2, 600, 0.00, 0.00, 0.00, 0.00
970, 2, 600, 0.00, 0.00, 0.00, 0.00
971, -1, 452, 0.00, 0.00, 0.00, 0.00
972, -1, 418, 0.00, 0.00, 0.00, 0.00
973, 2, 600, 0.00, 0.00, 0.00, 0.00
974, -1, 306, 0.00, 0.00, 0.00, 0.00
975, -1, 502, 0.00, 0.00, 0.00, 0.00
976, -1, 340, 0.00, 0.00, 0.00, 0.00
977, 2, 600, 0.00, 0.00, 0.00, 0.00
978, -1, 380, 0.00, 0.00, 0.00, 0.00
979, -1, 386, 0.00, 0.00, 0.00, 0.00
980, -1, 490, 0.00, 0.00, 0.00, 0.00
981, -1, 430, 0.00, 0.00, 0.00, 0.00
982, -1, 450, 0.00, 0.00, 0.00, 0.00
983, -1, 328, 0.00, 0.00, 0.00, 0.00
984, -1, 330, 0.00, 0.00, 0.00, 0.00
985, -1, 546, 0.00, 0.00, 0.00, 0.00
986, 2, 600, 0.00, 0.00, 0.00, 0.00
987, 2, 600, 0.00, 0.00, 0.00, 0.00
988, 2, 600, 0.00, 0.00, 0.00, 0.00
989, -1, 460, 0.00, 0.00, 0.00, 0.00
990, -1, 266, 0.00, 0.00, 0.00, 0.00
991, 2, 600, 0.00, 0.00, 0.00, 0.00
992, -1, 444, 0.00, 0.00, 0.00, 0.00
993, -1, 374, 0.00, 0.00, 0.00, 0.00
994, -1, 420, 0.00, 0.00, 0.00, 0.00
995, 2, 600, 0.00, 0.00, 0.00, 0.00
996, 2, 600, 0.00, 0.00, 0.00, 0.00
997, -1, 348, 0.00, 0.00, 0.00, 0.00
998, 2, 600, 0.00, 0.00, 0.00, 0.00
999, -1, 436, 0.00, 0.00, 0.00, 0.00
462.57, 152.65, 0.02